23 529 659 486 260 117 330 446 658 424 659 831 376 928 928 499 329 692 729 336 573 471 548 473
11 591 774 774 376 729 656 760 65 482 677 689
26 161 868 457 994 195 404 572 324 657 392 831 983 879 161 154 83 792 887 250 176 8 517 903 965 858 999
18 68 753 138 413 108 776 84 131 821 271 239 491 659 108 774 689 466 952
25 703 573 816 123 640 407 804 224 650 513 963 320 414 24 45 640 434 406 736 725 632 981 297 809 650
25 586 323 256 703 805 289 276 243 138 323 318 616 719 398 460 373 397 931 170 660 76 969 912 69 641
10 883 775 571 197 885 619 885 217 741 25
34 171 477 626 986 48 827 544 232 22 672 873 326 761 84 905 762 684 930 990 238 551 721 790 551 729 727 97 677 222 900 819 136 536 858
44 947 451 189 317 834 95 808 848 878 691 627 571 248 927 717 687 526 693 868 11 833 145 96 83 838 81 449 364 748 748 693 419 689 39 25 985 215 943 315 957 633 573 367 471
40 43 304 986 822 161 363 544 102 335 532 641 963 997 986 789 384 569 267 623 827 869 252 363 2 579 1000 247 553 170 389 861 450 766 629 946 940 687 991 448 734
48 320 850 318 546 938 883 177 985 898 995 274 729 721 299 516 366 161 722 532 13 2 5 671 937 371 156 181 430 64 274 289 887 430 338 894 148 826 205 548 768 807 915 236 907 574 263 453 181
66 459 68 310 19 838 289 948 54 637 934 207 289 707 605 554 975 62 725 792 710 156 678 493 995 440 858 522 455 28 260 865 507 896 884 178 485 686 64 367 375 514 940 764 653 506 399 768 490 427 940 328 574 56 836 838 780 515 791 100 140 118 203 527 32 448 127
66 564 140 615 386 85 857 549 305 785 710 989 743 980 57 197 956 913 828 554 982 9 497 872 817 843 179 779 259 348 370 727 998 205 604 629 990 727 646 76 524 50 431 979 446 565 347 929 345 244 56 529 702 506 407 693 522 208 412 613 128 791 135 276 667 503 582
81 616 270 297 683 658 625 237 806 389 301 209 505 154 484 546 790 670 373 960 600 759 652 983 209 174 783 971 989 237 177 104 971 860 424 870 19 984 529 681 661 477 987 768 132 179 730 848 808 58 147 457 862 275 477 322 602 851 915 333 464 413 361 891 331 552 336 189 78 838 157 657 992 895 709 601 841 803 208 326 859 612
83 748 684 771 150 85 350 138 699 511 110 375 467 315 112 376 282 700 78 6 364 226 853 834 239 98 600 699 482 330 406 387 739 96 112 313 535 943 66 679 691 830 833 846 583 883 153 105 103 207 586 362 955 660 187 70 454 222 544 833 155 342 763 950 996 356 657 595 810 151 1 329 376 250 856 791 494 950 986 519 85 85 562 232
84 559 167 136 7 435 525 383 555 916 103 625 697 20 871 498 384 547 142 271 327 294 205 282 421 631 195 254 546 81 541 320 766 128 957 27 482 591 116 465 43 810 836 132 288 683 142 90 266 592 258 132 558 519 384 128 118 25 440 183 402 357 68 733 782 434 97 263 946 516 773 391 536 327 95 230 578 443 105 718 496 971 777 451 604
32 206 554 988 827 10 14 940 113 667 791 991 496 301 308 983 327 565 792 872 912 309 360 134 141 48 80 473 792 141 821 104 113
77 787 679 143 915 974 850 471 421 568 278 76 762 836 169 658 68 122 673 103 9 485 581 992 587 786 92 185 577 491 242 492 297 20 852 316 215 770 519 19 490 259 676 779 398 541 326 685 20 936 87 26 318 763 728 552 641 409 194 912 76 660 635 720 84 660 261 554 759 496 726 174 153 830 96 802 480 608
50 931 723 807 414 837 249 857 588 20 896 613 595 816 947 963 767 698 648 289 885 620 69 415 276 91 638 613 183 885 725 135 202 864 400 586 538 863 345 589 960 752 73 330 836 170 360 934 234 833 837
43 975 623 528 896 738 609 521 495 265 72 96 810 560 14 474 729 631 932 326 628 837 242 891 53 659 606 669 693 678 896 279 572 152 2 986 778 260 884 997 942 687 877 537
82 316 451 16 490 35 451 466 360 807 238 18 219 198 904 951 501 339 883 484 246 469 571 104 862 813 149 955 274 588 705 470 581 196 350 316 361 143 175 749 209 280 40 712 128 714 421 234 396 470 144 476 704 202 576 416 937 649 892 250 999 240 977 13 611 279 333 349 921 889 138 104 44 311 500 198 315 953 160 444 634 228 734
20 794 718 595 540 102 812 613 40 215 767 726 782 568 864 653 68 660 321 718 33
72 482 924 735 141 258 178 605 750 731 936 800 534 687 444 222 904 13 525 113 224 327 904 631 813 988 68 89 329 113 776 243 168 488 603 639 737 86 88 926 679 960 585 918 943 612 146 813 986 948 688 434 426 293 682 138 584 24 390 844 753 612 356 714 937 503 339 350 537 518 739 610 321
88 309 354 445 643 182 196 583 344 310 822 112 356 172 816 358 951 276 761 366 947 778 27 967 493 286 305 46 994 917 465 347 655 877 561 832 741 960 767 757 896 54 146 526 182 273 784 565 475 537 670 53 344 307 730 306 633 816 130 891 937 642 172 470 706 652 727 602 226 52 680 954 409 432 113 505 100 763 970 213 525 888 749 324 721 64 356 874 953
127 417 884 259 443 333 882 750 8 198 601 758 339 630 780 609 333 162 806 682 5 947 520 460 397 750 722 495 513 82 825 58 681 159 196 978 110 692 54 999 947 642 10 552 940 492 381 23 390 887 288 400 820 288 567 704 967 555 375 304 906 649 104 249 460 591 714 371 121 738 261 684 442 183 855 99 519 708 7 562 922 801 592 381 23 157 881 236 209 248 515 871 652 948 174 56 386 196 451 396 35 769 685 420 391 576 290 140 889 847 527 299 279 22 303 949 111 777 825 847 996 400 196 303 710 4 84 680
17 424 242 418 443 328 374 638 176 525 961 860 472 679 986 679 679 415
117 895 175 377 593 354 468 737 845 989 356 87 19 947 317 15 571 677 698 696 383 296 486 849 725 371 530 333 176 915 686 548 359 902 28 656 598 429 16 433 382 438 906 601 801 128 302 737 952 721 571 917 4 230 264 522 847 142 695 14 100 387 877 445 178 279 718 486 981 452 932 980 750 289 843 599 912 157 162 922 899 883 417 332 412 301 606 161 973 225 532 943 118 937 273 831 263 202 432 303 656 518 23 251 64 181 233 674 659 524 74 557 687 650 507 600 510 954
98 444 589 781 915 48 108 312 106 563 795 967 841 882 168 836 26 31 850 396 777 947 259 290 471 995 850 657 987 638 423 790 126 484 329 939 319 914 244 491 535 118 277 743 761 407 925 870 328 105 323 336 327 172 559 553 44 600 178 532 445 164 70 460 477 758 51 136 261 250 97 466 660 477 271 88 369 887 106 754 275 366 857 8 215 952 861 553 132 521 788 916 438 835 507 706 342 88 727
113 700 836 921 652 708 150 447 837 993 799 764 965 954 559 581 639 761 692 203 49 171 699 346 590 926 23 561 986 800 905 905 402 768 715 534 501 740 829 604 209 543 526 717 941 76 233 670 441 385 608 157 630 307 329 453 243 324 693 171 373 321 97 192 424 504 265 824 828 671 908 948 575 667 211 578 692 188 539 555 15 925 957 546 786 188 27 654 465 610 415 68 630 164 680 723 241 403 196 382 976 408 918 229 275 783 34 156 218 10 827 310 233 118
46 826 767 488 475 155 87 464 637 596 846 885 850 38 425 767 355 294 654 472 333 551 681 112 808 455 756 54 664 810 775 205 538 131 2 991 23 519 652 438 373 639 455 236 748 344 144
127 998 184 318 987 330 650 897 594 225 980 213 629 782 361 684 583 256 564 310 282 327 860 616 934 369 755 233 134 461 175 661 968 613 60 716 666 152 248 372 488 91 684 52 865 852 671 24 421 792 582 564 800 503 563 388 881 162 445 188 349 420 630 54 306 373 923 221 325 638 19 324 409 827 445 807 665 481 360 691 426 929 408 888 880 304 394 376 633 866 611 98 968 114 329 110 414 50 823 165 56 355 854 756 656 324 170 423 861 727 253 365 623 436 511 372 661 672 53 986 771 396 851 323 530 612 266 756
130 445 788 897 831 402 137 687 124 224 985 32 167 808 648 658 358 397 467 777 6 596 900 968 228 495 755 577 922 481 537 862 367 639 959 558 683 643 959 226 874 850 674 98 627 540 704 908 635 320 285 167 808 957 598 898 776 631 454 761 852 157 15 981 691 38 270 93 655 450 493 968 253 152 356 573 183 427 745 649 787 326 420 701 857 195 143 189 488 804 621 86 673 497 516 580 489 313 51 923 343 786 610 416 572 174 559 759 239 342 638 658 346 784 138 246 694 732 202 264 446 423 959 21 121 347 802 666 258 93 973
114 719 949 3 745 944 759 274 671 728 234 943 634 724 123 662 72 419 525 783 615 21 439 838 644 459 38 266 469 615 751 450 849 937 834 812 739 320 808 896 506 847 513 701 303 220 675 665 276 610 470 615 207 618 561 352 391 710 993 843 212 361 456 10 829 491 405 742 876 559 656 664 660 397 692 683 958 700 940 974 909 35 292 570 716 659 180 322 940 247 695 277 494 653 133 360 634 7 956 690 171 177 579 828 712 431 691 659 339 325 876 127 693 532 74
141 341 249 717 756 539 761 309 29 440 354 192 261 18 349 883 297 971 82 634 336 929 704 498 372 553 562 936 409 696 259 809 27 964 157 790 130 667 945 372 409 309 715 637 19 918 652 997 164 724 138 561 237 520 776 342 899 979 171 497 529 122 322 335 562 60 572 309 584 530 817 430 738 317 707 612 583 216 10 680 104 850 448 350 436 893 15 269 109 808 76 736 976 752 177 501 151 267 426 51 932 946 581 839 704 22 667 989 512 901 644 450 319 215 4 32 219 641 385 320 82 238 997 831 908 456 862 535 548 950 726 515 913 772 854 536 644 497 499 216 991 158
114 946 69 512 920 68 351 775 65 962 743 826 509 97 345 368 164 621 320 5 364 358 133 504 603 507 43 185 381 603 939 428 389 961 243 332 971 549 598 873 861 450 175 802 980 736 446 326 474 478 777 319 796 963 534 736 587 849 414 437 507 989 131 324 588 398 539 276 94 728 490 139 422 213 886 252 185 893 262 106 770 970 919 403 529 613 916 961 319 89 166 49 637 564 577 994 844 774 918 309 848 910 175 961 472 229 988 452 383 777 847 13 510 685 50
51 85 602 532 825 521 286 456 395 474 112 35 9 554 378 908 93 711 33 695 584 227 777 96 802 830 274 252 250 766 548 360 216 370 203 371 459 129 665 870 812 93 924 517 580 860 963 560 939 315 209 103
17 164 516 21 549 414 314 582 689 289 431 964 688 633 314 576 42 109
165 258 355 165 659 384 600 460 181 562 161 136 242 86 149 368 347 919 329 361 873 899 332 659 560 818 690 216 526 257 343 60 212 30 9 777 522 165 67 916 374 838 286 105 890 209 727 305 853 922 630 686 576 228 608 468 37 979 759 499 666 246 67 219 613 747 829 953 380 318 883 600 163 222 643 229 167 742 413 293 578 376 760 206 271 431 107 949 663 175 189 494 540 27 621 284 558 127 87 512 164 84 693 346 723 453 159 306 489 217 193 269 891 196 534 955 833 492 142 80 358 258 153 465 65 808 863 163 949 898 998 966 299 260 297 213 152 382 709 241 248 746 893 832 948 600 433 133 973 485 323 876 94 445 185 934 545 869 946 46 269 213 479 38 699 662
36 307 881 995 539 546 882 406 721 71 143 636 692 265 601 798 270 14 13 13 419 874 765 511 765 64 733 488 898 355 479 808 227 638 412 561 698
133 173 58 999 902 532 80 213 133 592 832 230 302 234 172 754 942 943 338 385 511 47 83 193 184 957 66 333 573 534 244 410 48 892 842 137 887 885 382 394 783 400 969 31 441 428 525 590 732 33 328 380 15 107 989 328 621 513 790 664 971 67 789 115 94 524 138 472 864 975 88 136 769 407 199 625 414 571 328 280 410 647 418 245 144 73 930 758 957 787 842 123 961 736 947 897 985 90 263 335 98 296 395 890 799 304 324 967 635 766 790 573 267 198 802 75 783 661 488 576 481 626 672 44 444 893 946 839 461 724 423 756 324 210
60 577 283 90 453 835 177 910 24 540 571 533 324 3 931 566 655 473 817 348 615 24 587 738 115 764 916 508 773 696 222 323 550 620 398 333 163 202 413 658 974 75 975 481 546 270 555 386 697 40 231 967 167 608 874 805 294 422 880 167 152
98 179 339 444 249 64 89 318 854 175 700 91 153 370 511 960 119 222 85 718 572 591 147 174 349 487 966 412 367 818 619 3 497 703 317 493 159 980 611 823 39 80 920 758 291 974 420 625 771 359 536 420 298 774 874 536 108 156 45 396 31 286 113 394 659 531 692 546 659 525 334 505 826 143 612 918 248 101 896 165 60 630 706 765 692 195 400 188 378 790 770 936 172 402 328 518 699 172 24
131 24 30 159 980 127 321 751 101 772 987 994 925 578 943 765 268 965 321 727 20 695 714 356 966 266 550 194 724 469 338 288 148 665 513 188 672 826 301 333 436 91 188 709 140 645 651 573 963 703 973 767 634 274 41 132 366 632 655 170 457 822 518 660 739 866 369 837 902 316 383 591 370 370 784 336 853 656 119 780 717 44 83 793 432 653 388 293 805 613 724 935 238 185 707 206 77 615 879 779 500 440 469 892 31 465 188 211 945 510 95 734 317 861 615 8 893 203 662 58 964 642 299 688 984 938 86 493 700 76 496 423
91 951 495 495 319 307 225 634 262 588 179 754 724 141 969 839 45 136 694 284 101 479 982 742 430 147 474 244 536 836 830 56 590 212 74 42 965 702 256 122 242 569 424 969 220 73 38 853 413 752 247 93 206 622 502 492 227 985 558 612 911 390 389 223 707 714 20 673 425 455 730 815 153 548 923 307 509 675 420 534 524 378 909 846 191 172 6 223 236 329 164 339
78 341 866 860 509 27 977 152 559 521 318 837 628 821 773 568 117 22 10 581 991 408 823 227 332 938 592 566 968 773 945 928 896 310 725 591 456 719 967 928 880 293 997 121 406 264 964 16 911 324 721 542 913 737 104 92 157 851 102 27 356 929 671 325 697 463 119 483 173 978 453 324 284 816 425 433 903 764 583
183 683 933 198 389 626 350 455 701 781 86 742 195 781 196 985 236 193 376 170 264 533 983 59 182 233 818 651 218 474 643 495 374 955 717 949 106 40 837 455 50 660 71 807 545 530 580 397 838 83 274 790 526 370 906 367 19 594 776 140 467 2 984 654 590 597 142 833 849 21 360 649 55 78 593 164 735 354 895 224 453 214 291 632 413 647 209 333 492 282 365 561 831 406 691 603 227 755 392 595 14 760 720 766 802 712 586 848 539 201 977 310 863 208 792 178 179 814 883 772 518 353 328 824 174 801 379 586 43 885 999 88 934 165 28 731 363 2 714 313 642 614 474 269 509 472 851 527 906 621 518 648 498 806 51 936 764 548 555 817 841 944 270 602 365 120 578 175 912 153 38 607 492 431 98 806 350 909 833 239 43 577 514 749
16 105 47 38 138 797 519 939 997 607 963 681 122 858 18 715 715
92 889 184 997 883 420 369 151 53 437 862 967 552 143 490 1000 343 998 445 393 353 904 239 90 628 509 856 247 572 670 200 30 808 520 761 988 520 64 743 251 411 804 850 249 927 551 258 68 489 648 542 90 245 359 544 498 395 157 189 479 64 64 24 660 879 846 112 528 971 177 300 32 955 618 811 294 74 618 41 155 326 306 613 200 989 100 643 372 851 117 121 663 876
194 403 587 164 544 970 847 1000 338 789 568 855 677 968 267 292 395 698 788 660 234 267 659 937 656 863 379 973 690 950 574 313 872 268 429 863 361 616 974 823 728 567 8 168 153 947 998 747 599 565 438 736 775 445 317 829 603 633 259 106 213 665 624 474 455 994 548 820 942 236 673 137 721 293 375 653 236 107 886 619 470 620 809 333 894 477 82 824 772 942 832 774 56 113 933 231 27 175 425 126 780 270 994 611 262 193 796 634 949 697 235 966 663 922 520 1000 300 490 737 351 434 541 951 237 181 245 357 611 671 517 584 614 860 525 142 844 108 483 212 660 44 616 26 875 118 57 440 503 664 670 121 854 556 337 154 931 956 870 467 721 843 277 700 991 608 375 164 677 278 678 474 167 921 440 859 44 333 917 565 803 434 341 760 761 134 428 684 845 284 128 438 377 723 415 615
116 411 57 924 147 44 116 705 352 232 884 156 75 893 897 447 489 412 775 888 653 311 621 357 878 135 138 440 695 851 296 535 983 548 216 769 255 109 104 966 547 280 200 34 542 72 233 543 437 934 278 315 694 422 384 574 531 221 607 137 83 296 429 477 81 278 899 972 274 227 365 51 339 633 895 641 245 722 431 970 285 413 238 631 322 453 757 699 877 663 597 830 282 757 679 652 695 868 433 704 962 582 370 229 120 715 499 157 341 2 843 846 736 543 517 562 621
159 668 68 525 820 900 234 70 592 353 602 693 907 21 26 645 749 580 936 826 127 524 504 957 858 23 983 866 524 458 733 393 614 724 821 681 789 972 486 686 405 773 351 73 637 733 762 900 141 557 648 149 340 983 220 194 846 120 254 553 909 524 656 526 660 304 544 838 849 674 765 168 275 815 355 957 676 692 938 737 774 16 197 968 23 155 527 919 928 406 383 248 61 727 227 581 663 893 689 858 135 380 997 89 966 242 174 380 171 858 361 976 473 655 634 357 687 902 42 157 257 243 508 33 752 615 809 788 608 583 625 825 782 405 119 203 938 162 991 756 467 939 303 290 478 646 219 883 346 543 445 568 897 1 977 249 523 849 327 529
18 876 593 207 907 15 292 531 240 985 837 207 793 196 302 912 66 872 831
150 618 743 272 679 794 721 681 577 529 492 114 811 513 202 302 192 543 844 95 354 709 945 674 519 144 38 186 627 953 735 499 272 711 328 369 235 746 288 860 969 100 354 790 715 612 450 560 909 684 484 794 702 57 713 430 32 533 346 466 319 739 209 306 40 290 108 170 471 100 57 288 524 447 733 148 670 156 551 577 554 910 13 295 818 238 894 943 675 303 517 472 246 183 554 36 868 867 442 4 171 176 55 460 681 230 701 915 193 213 701 356 162 305 287 788 543 147 332 311 598 372 101 192 550 833 463 418 181 708 639 637 759 322 391 482 728 274 715 38 47 723 413 76 578 372 407 400 792 257 445
65 515 824 887 513 180 831 400 156 337 769 556 635 12 43 942 100 978 3 694 391 578 746 910 631 187 168 558 27 406 261 687 577 66 657 624 106 375 103 65 544 756 581 899 366 451 786 238 27 776 320 692 758 561 297 135 672 901 593 334 617 551 336 285 388 632
149 287 421 724 787 89 255 823 321 328 157 79 999 462 76 954 352 851 504 503 329 546 273 107 180 830 626 773 750 26 235 685 333 341 575 563 863 199 233 638 401 944 949 106 167 342 956 827 129 105 536 772 212 604 738 569 351 62 123 294 956 425 265 584 396 689 197 219 551 549 409 929 857 796 295 608 204 711 716 690 86 647 329 335 742 907 409 557 931 562 188 500 144 787 719 793 679 320 738 115 413 754 399 408 403 990 372 536 559 418 286 724 779 748 670 86 802 957 455 87 888 548 676 268 338 642 449 886 10 450 798 462 561 149 529 514 480 169 666 445 352 129 554 446 738 849 889 632 451 851
196 992 625 30 419 134 699 502 877 348 116 504 913 367 468 942 608 231 488 341 795 445 719 233 521 619 233 85 190 644 646 330 728 99 250 793 857 534 281 786 757 908 333 656 634 21 43 820 264 659 113 815 8 164 778 273 944 568 315 699 967 76 169 980 837 959 50 151 64 244 199 479 89 793 914 808 288 638 868 718 783 394 769 788 201 114 637 488 954 679 375 396 450 726 94 213 84 684 485 810 793 420 647 123 893 593 207 232 193 998 756 978 811 159 239 134 339 767 174 76 558 858 445 408 165 38 445 879 319 424 857 778 432 47 556 8 314 949 116 258 47 668 384 363 645 837 106 384 840 249 341 612 135 884 135 62 669 980 283 871 13 91 395 324 585 553 806 873 258 405 643 448 52 856 326 350 369 319 339 596 705 876 51 849 107 840 567 334 152 645 991 216 573 342 126 113 582
38 765 168 403 921 290 877 786 614 403 490 289 228 355 664 652 625 652 583 976 828 587 83 499 614 292 673 312 199 601 447 777 538 914 261 832 96 542 383
89 728 445 772 972 173 598 782 819 584 850 663 158 517 159 771 182 515 717 731 498 494 61 769 319 989 875 831 82 429 348 652 781 148 732 92 280 753 18 755 715 690 901 653 856 391 759 908 708 905 208 338 389 353 113 101 861 671 345 17 878 336 60 108 425 392 320 314 379 556 427 379 154 715 651 724 956 457 821 740 598 340 637 330 169 171 463 450 825 147
85 705 178 279 719 893 924 354 38 721 187 729 20 435 220 609 604 708 337 95 615 910 200 185 456 666 166 512 160 994 741 677 636 200 353 250 128 649 511 752 342 129 540 834 639 714 346 526 283 521 220 347 140 245 972 228 259 857 447 944 842 25 202 627 428 402 530 230 946 599 15 906 515 160 377 485 995 936 756 260 856 836 742 236 24 387
57 549 972 783 312 847 125 330 922 18 301 318 406 462 351 401 267 111 888 571 284 610 616 456 50 18 264 371 415 281 378 186 165 345 267 529 230 612 535 793 119 93 57 415 410 307 202 942 556 715 931 821 742 732 300 791 634 714
233 955 616 496 611 688 886 680 122 231 676 478 57 195 425 922 779 760 217 986 862 554 758 200 128 296 250 465 826 66 331 469 434 294 136 733 403 579 829 701 871 798 792 686 869 706 407 405 820 133 905 638 644 767 320 925 728 716 150 209 688 199 63 743 792 447 776 485 885 214 240 623 193 788 761 110 152 986 621 722 106 820 421 42 47 464 888 658 603 214 37 204 75 696 583 183 788 82 896 829 130 517 358 518 804 838 592 111 515 866 319 54 309 838 678 644 905 237 454 407 511 562 791 197 699 689 305 169 692 724 972 958 815 683 363 123 617 827 93 592 621 580 276 991 466 709 361 688 886 472 391 561 610 908 526 163 793 556 159 603 477 721 29 673 402 354 289 222 566 206 648 850 316 10 975 869 197 836 150 82 821 595 475 350 444 378 583 549 287 215 865 435 541 763 782 906 307 890 438 514 497 836 389 43 754 536 753 377 272 541 256 128 637 360 760 342 906 194 424 808 204 76 180 602 915 365 888 552 351 20 427 865 534 323
189 928 679 733 105 931 954 908 781 89 164 748 764 353 250 198 716 668 921 149 468 356 393 310 482 218 99 284 562 873 713 489 765 888 739 309 952 583 342 88 67 793 924 941 247 429 263 556 700 792 141 205 176 457 672 753 396 721 224 910 753 898 81 1 969 851 256 786 120 269 948 447 440 544 580 50 313 997 894 587 941 443 347 516 585 186 719 31 410 966 634 601 83 919 342 451 549 516 968 952 420 822 467 905 378 802 519 772 845 343 333 701 610 546 21 861 190 437 252 899 414 488 463 58 558 579 400 443 586 501 298 869 707 938 620 552 6 196 525 709 808 784 508 582 557 732 455 748 695 85 294 145 266 623 917 788 108 274 752 941 940 434 948 86 784 29 25 259 951 148 68 462 165 507 220 674 225 335 125 776 382 549 793 708 911 988 79 706 648 986
141 73 930 158 229 980 986 959 592 328 919 990 976 721 116 768 162 995 453 22 730 905 189 142 650 805 35 427 320 385 681 278 154 132 966 817 971 898 685 227 820 97 615 465 767 27 918 127 598 600 230 100 987 512 84 101 572 319 116 116 381 181 184 38 116 933 398 415 438 848 398 932 657 707 1 724 148 514 190 521 385 233 157 480 181 801 804 933 600 516 732 696 770 709 963 374 614 53 635 864 905 173 435 94 367 551 937 46 842 712 668 575 545 220 255 862 439 504 942 331 386 229 905 917 348 167 504 411 395 641 181 855 426 683 934 322 575 863 274 429 770 711
18 487 48 577 633 551 112 286 257 558 890 370 374 742 335 741 335 59 443
28 313 886 915 580 167 615 927 829 110 357 302 886 164 353 748 833 357 734 305 62 924 514 313 852 171 307 649 396
75 21 632 149 328 716 367 376 913 458 362 946 794 640 760 547 61 787 718 554 808 49 154 624 803 241 312 768 412 913 23 193 586 845 454 476 413 231 951 752 66 753 645 753 986 292 272 806 532 579 371 167 29 837 288 445 119 458 223 785 653 995 985 535 537 194 290 11 587 374 372 743 39 761 187 155
145 153 961 76 525 983 790 542 197 37 813 689 139 539 736 519 282 418 457 240 908 257 522 54 176 938 684 984 61 452 14 647 682 769 150 193 313 535 262 112 78 395 644 420 939 713 37 219 760 594 416 293 670 726 224 983 15 191 804 316 508 520 190 43 180 231 783 662 559 748 700 241 199 812 120 15 641 128 532 829 803 437 634 198 281 319 745 46 669 793 74 115 234 646 771 816 741 107 937 994 309 296 323 756 604 721 349 763 635 850 994 563 108 900 26 637 362 624 293 713 82 984 881 398 862 216 710 712 377 800 85 139 27 740 415 924 553 375 856 369 589 641 500 556 157 781
261 894 645 622 996 566 225 864 12 230 411 561 547 519 958 735 885 747 213 664 644 758 982 878 188 972 632 216 383 460 435 87 265 830 401 386 431 172 748 913 766 508 823 408 269 402 579 21 319 913 39 453 913 374 461 222 70 589 68 385 647 48 370 397 119 74 510 390 885 520 703 479 910 417 133 846 936 690 210 767 309 117 152 265 963 161 207 574 528 337 43 99 425 121 769 702 302 314 875 738 509 58 500 759 238 340 463 374 975 361 95 809 337 40 184 628 752 674 902 886 730 501 279 204 395 419 32 859 8 396 359 58 345 18 953 245 98 333 466 358 2 394 111 559 450 371 902 950 779 715 55 406 331 258 339 420 14 926 880 213 321 32 477 237 384 179 70 601 870 160 350 702 196 582 947 571 803 686 116 372 742 727 805 633 795 709 50 371 617 996 538 896 630 292 667 933 12 908 452 486 838 698 125 703 57 799 189 860 664 774 800 935 905 324 329 635 226 51 165 748 189 109 732 182 593 702 619 752 916 735 607 876 889 301 854 684 910 382 679 389 442 615 931 300 67 868 637 73 971 366 123 317 893 727 267 332 345 235 943 947 727 307
92 119 606 284 271 150 354 982 831 339 610 278 343 553 572 901 242 239 547 447 188 286 644 979 996 367 252 958 706 660 778 362 320 982 951 213 807 903 898 111 657 918 791 842 157 1 755 113 581 615 544 492 798 697 687 459 631 510 365 656 907 21 814 311 867 244 43 435 607 546 828 760 112 9 471 347 219 965 842 307 73 456 973 944 255 99 39 123 89 48 261 113 842
177 262 849 432 942 5 518 54 439 55 487 182 272 780 870 36 578 222 193 570 470 621 304 227 10 792 607 18 706 57 967 686 407 454 713 62 393 806 938 275 819 799 899 697 278 318 774 219 123 367 157 538 563 568 407 894 915 258 113 168 484 96 817 753 381 219 253 190 767 934 851 333 748 336 743 164 447 958 251 559 613 341 39 493 834 549 849 689 748 278 718 648 915 198 3 347 113 446 192 160 975 865 501 633 626 15 825 560 132 958 645 401 831 419 393 907 400 642 396 598 197 241 913 904 836 291 971 965 900 929 563 748 827 946 919 685 22 222 421 689 60 429 382 265 816 681 98 511 63 483 443 894 461 955 321 659 864 22 130 174 920 756 808 303 645 345 849 458 599 344 705 934 432 731 733 497 918 660
177 462 460 3 652 136 83 924 709 300 638 337 998 780 247 681 854 126 764 126 598 446 903 531 731 111 619 628 98 169 542 27 759 138 790 909 414 59 253 222 60 201 136 709 124 439 293 431 22 584 680 210 814 711 59 141 497 542 222 296 372 412 654 326 595 342 36 895 708 303 999 672 316 143 814 9 615 890 41 895 646 170 978 376 751 806 801 275 777 917 740 493 418 546 864 986 735 153 154 745 621 147 445 947 891 410 501 236 78 170 161 385 57 367 598 98 129 23 912 616 913 277 385 311 560 621 916 219 951 683 534 345 367 410 186 374 747 849 151 118 321 390 159 108 303 440 705 995 9 96 737 539 763 560 169 257 802 978 567 374 561 650 32 238 88 2 118 204 21 435 416 478 635 194 163 160 886 801
51 481 27 337 403 924 235 180 133 203 794 315 778 196 651 813 800 158 91 135 448 822 223 721 348 719 326 133 278 660 348 657 196 14 671 754 932 8 37 651 609 609 90 277 558 686 63 967 104 689 651 238
240 337 993 45 576 33 288 923 6 44 104 676 933 918 34 615 258 182 949 426 614 210 61 160 225 769 53 471 362 430 851 914 688 393 488 156 223 309 37 71 62 235 513 207 591 520 403 95 398 78 995 981 562 673 879 658 581 644 211 30 993 7 755 942 322 153 390 640 291 780 524 300 940 279 767 550 208 337 623 995 810 534 599 102 853 53 634 434 865 384 618 857 540 454 816 683 488 992 294 798 588 983 509 582 972 842 508 603 207 419 587 413 913 226 560 364 542 835 13 836 331 594 457 26 908 838 612 280 678 155 389 339 834 156 156 684 355 287 271 526 238 148 710 935 389 280 668 895 9 834 450 4 963 176 586 235 974 346 374 487 760 974 473 150 282 955 215 816 749 516 442 497 436 430 941 102 157 696 859 936 296 950 593 632 657 332 513 179 606 142 696 230 992 323 979 822 980 18 765 881 48 731 348 981 615 349 843 129 637 390 628 646 75 521 818 18 953 221 954 376 851 842 566 61 437 747 943 58 205 358 264 458 244 480 827 155 992 730 36 382 899
152 957 654 581 978 318 412 440 794 232 374 305 441 661 568 366 691 95 371 490 533 656 265 95 678 967 714 517 851 685 992 639 660 181 176 846 890 360 725 408 712 818 469 345 800 768 457 266 761 572 373 408 531 353 572 311 515 420 454 313 845 595 484 625 893 27 463 778 966 391 403 415 372 984 520 870 630 500 699 660 984 157 311 864 781 689 47 491 154 545 570 850 857 887 355 789 899 945 961 876 739 129 272 910 521 920 571 618 829 261 191 400 18 705 16 972 613 862 656 539 455 692 561 720 304 999 476 537 863 518 194 932 820 378 73 764 225 489 463 955 833 160 920 797 906 713 55 584 648 963 368 946 745
59 589 739 616 162 112 418 99 509 660 556 799 518 383 935 108 598 268 260 459 865 681 762 479 101 194 913 754 97 980 352 483 70 924 116 126 183 233 562 700 284 784 960 384 671 532 364 46 284 339 372 182 681 817 808 414 208 418 620 695
248 81 644 112 829 697 770 931 190 374 585 33 791 49 584 920 191 671 6 888 970 910 996 872 108 739 56 971 427 961 350 581 221 67 309 463 946 244 782 569 403 544 743 876 401 680 412 315 406 128 13 727 281 103 9 302 359 152 472 731 641 687 606 956 404 484 68 108 15 775 952 270 586 725 728 835 604 646 924 336 449 900 794 919 115 932 693 690 218 977 42 28 158 207 613 483 630 894 28 31 214 251 680 829 815 46 540 155 425 806 853 666 74 834 986 344 924 633 685 943 269 71 38 145 553 954 909 905 438 639 296 325 530 380 869 9 506 935 862 447 727 363 214 277 633 369 114 182 238 760 410 478 96 685 110 649 727 423 157 795 268 133 384 8 382 176 13 990 578 197 807 514 357 133 581 592 768 854 536 62 96 745 35 832 706 879 725 45 566 883 666 497 701 741 998 525 311 418 631 589 952 163 687 203 928 320 510 940 291 500 403 710 882 862 470 714 462 482 22 651 348 826 477 885 5 652 605 279 116 152 991 968 956 721 805 860 748 182 117 138 958 396 792 156 399 996 142 33 652
75 374 237 104 57 397 821 614 930 474 251 677 24 855 757 949 320 817 66 30 828 798 772 990 374 281 194 509 138 507 468 392 470 462 897 878 122 500 311 666 178 658 778 460 599 33 156 840 966 382 254 558 656 342 509 96 774 453 474 209 567 562 602 509 942 47 330 515 660 272 949 742 93 733 729 913
100 121 97 68 261 442 859 932 173 788 186 124 390 82 873 163 375 651 187 519 206 663 920 933 786 697 952 467 429 655 524 386 583 91 706 634 360 956 553 223 601 45 544 339 699 105 913 218 396 893 806 218 119 674 863 784 902 881 421 243 132 611 152 413 157 111 482 114 220 949 343 305 85 773 174 200 262 151 979 858 148 927 387 224 656 36 704 221 24 86 109 884 478 636 587 188 297 113 288 403 405
17 499 215 690 712 488 93 200 319 762 637 452 118 368 803 736 597 499
73 464 343 553 253 86 850 600 864 281 431 385 822 53 431 581 819 284 61 79 287 692 231 877 888 421 778 805 847 883 417 876 557 986 308 538 66 848 998 985 204 149 366 236 716 941 641 803 942 33 152 781 57 302 787 317 753 409 470 456 954 749 96 718 307 794 390 201 629 823 147 681 467 510
202 601 291 243 519 365 946 369 282 567 295 735 568 845 540 63 609 694 728 207 864 879 392 803 530 427 601 844 446 116 271 347 942 951 365 432 896 236 611 89 452 19 257 765 198 458 903 580 912 59 342 857 108 703 963 420 798 272 793 933 7 110 588 78 139 780 248 228 752 765 297 86 796 219 495 697 30 765 832 707 414 681 108 972 936 287 311 320 122 138 847 372 248 252 60 930 369 221 266 274 517 912 235 381 535 881 961 584 816 608 552 113 777 862 553 795 700 995 814 785 940 96 751 32 488 399 510 82 921 442 314 874 652 848 698 983 522 996 426 508 764 411 54 522 759 529 606 547 936 600 807 749 922 989 509 755 897 930 280 973 200 884 62 253 764 683 177 611 707 48 693 25 418 137 499 548 719 825 710 697 187 345 691 264 430 562 948 448 75 441 108 175 89 461 731 509 757 384 761 689 804 868 209
133 573 616 420 933 36 955 687 548 596 121 458 698 672 967 123 889 770 571 910 271 708 672 62 163 852 570 931 569 189 856 473 660 850 569 853 551 611 51 410 884 220 14 214 92 878 884 73 56 700 530 664 140 204 477 456 686 931 264 730 831 517 238 538 656 453 641 680 688 921 578 130 871 771 389 630 977 665 610 572 805 713 117 126 836 503 326 165 41 13 967 765 19 651 315 445 644 616 610 918 697 375 324 200 838 318 413 208 492 956 993 13 429 543 902 567 176 557 115 712 862 197 505 141 887 743 811 966 238 108 502 664 168 313
216 672 451 905 297 648 158 80 328 683 11 394 359 433 841 9 434 736 293 955 755 737 230 214 276 405 649 988 841 654 618 328 232 759 960 822 638 301 94 397 551 730 37 927 163 20 21 662 325 487 31 128 887 465 709 21 6 685 407 569 172 111 77 442 12 826 851 769 384 505 361 586 734 554 285 269 414 136 273 980 232 74 121 444 678 323 666 255 932 227 397 286 807 102 507 506 108 700 21 565 912 389 386 31 508 428 527 990 896 182 660 76 346 54 922 830 307 99 843 648 102 180 721 386 42 755 271 194 993 212 138 198 326 464 274 502 854 562 335 126 826 356 127 412 158 930 715 912 84 74 886 729 91 121 751 396 390 908 947 666 247 929 405 22 624 849 619 697 519 341 924 607 856 319 150 402 754 130 851 767 198 103 479 545 237 188 150 786 454 190 400 798 201 52 53 683 132 194 85 302 457 495 149 258 806 329 871 48 681 277 352 799 699 160 748 775 446
94 961 277 852 653 460 456 164 728 156 213 752 799 431 317 158 127 468 488 164 193 447 238 922 951 188 493 995 265 675 635 366 483 956 195 384 542 168 930 922 265 332 682 212 619 930 869 561 586 144 731 485 906 734 768 313 846 914 266 255 540 398 450 954 947 899 49 234 425 333 271 399 377 656 768 23 239 273 334 59 41 460 648 336 56 648 715 550 683 346 620 11 28 765 863
192 113 150 218 989 122 426 955 539 642 832 408 58 910 597 134 630 558 903 132 168 568 277 625 706 807 414 134 943 278 104 26 995 227 485 778 180 462 9 326 625 549 907 93 489 343 524 423 198 801 970 534 478 475 461 353 972 835 88 767 100 543 689 818 319 365 233 685 101 606 695 291 548 462 304 231 98 790 765 873 514 214 58 706 692 818 905 831 619 999 54 101 355 893 271 847 603 354 181 645 458 613 431 195 19 528 97 167 276 959 837 337 299 146 814 188 300 395 66 702 646 877 621 449 784 296 302 497 785 407 615 818 671 640 108 293 401 336 499 312 198 80 528 675 673 526 935 831 657 214 28 464 41 340 259 281 945 772 847 922 419 149 69 78 98 600 79 582 597 236 294 867 755 107 862 501 913 839 313 248 668 44 364 170 412 284 137 942 549 979 9 316 184
213 459 399 993 314 785 121 320 753 289 781 533 338 637 410 629 66 85 838 361 947 654 772 779 690 154 606 372 403 284 539 589 991 347 82 488 572 41 699 106 253 427 668 550 336 950 965 232 277 716 485 291 995 442 867 738 103 443 746 696 153 275 162 711 191 630 822 934 118 480 599 529 193 752 551 850 388 547 741 463 272 219 916 601 152 680 522 367 592 946 455 650 84 593 80 845 716 690 887 142 471 264 77 675 670 809 446 83 573 267 422 541 825 471 112 787 376 127 652 681 785 448 529 700 41 599 425 910 516 368 314 276 332 284 956 869 800 843 492 492 411 913 637 153 726 507 771 659 283 556 956 705 537 207 877 554 208 705 526 297 203 168 905 854 106 723 384 546 326 537 229 305 553 391 839 123 562 723 145 596 231 65 360 866 915 693 592 576 739 477 7 845 758 426 138 53 79 384 364 972 581 173 872 114 989 779 997 730 259 77 507 942 266 226
149 202 771 453 558 262 632 444 435 880 178 862 755 169 578 259 386 584 516 364 280 973 769 761 307 689 811 166 75 841 474 609 319 140 909 495 599 483 853 33 673 564 335 53 980 249 713 174 493 518 512 331 995 61 756 720 249 648 667 67 571 349 224 699 769 578 493 357 998 783 312 839 871 768 923 152 630 490 89 158 904 579 873 667 637 349 995 369 691 151 522 298 900 287 695 899 241 163 902 772 864 16 710 345 211 170 553 4 501 928 165 96 224 665 617 749 888 255 741 790 749 768 828 690 881 747 713 603 754 330 386 262 95 592 766 763 933 383 392 296 819 799 788 871 405 464 349 681 147 343
244 385 800 862 772 212 701 763 48 373 96 275 670 454 929 827 468 120 793 944 809 853 597 141 270 549 842 387 316 357 952 657 896 423 747 810 266 667 775 68 253 550 999 421 571 535 900 63 32 342 836 185 621 647 120 736 798 503 243 225 586 494 900 200 635 978 922 184 275 139 370 816 325 316 89 637 938 992 428 865 79 663 900 411 821 28 708 548 572 823 779 928 978 398 673 992 266 300 335 332 241 269 88 129 216 372 905 808 664 503 374 625 570 133 802 718 839 780 722 373 294 837 897 85 3 894 875 774 792 112 575 496 524 774 61 623 276 413 968 921 938 660 557 575 899 709 794 690 966 491 301 108 384 203 635 249 410 472 222 62 199 382 517 982 67 667 733 962 107 707 216 994 35 640 718 409 68 443 574 714 970 341 1 991 423 838 131 52 364 320 197 780 548 144 814 642 628 580 448 46 949 701 882 929 935 895 181 173 786 36 521 522 650 510 566 725 173 827 545 631 195 542 529 742 304 199 80 103 58 436 983 225 985 782 425 186 257 657 882 187 374 223 285 586 34
105 560 616 760 882 394 414 74 687 358 29 593 116 439 851 764 950 793 712 817 893 188 110 633 504 199 899 698 997 197 518 337 210 358 324 367 924 458 969 964 667 454 457 803 884 291 234 860 222 543 804 330 414 338 288 814 4 223 76 229 935 392 682 921 698 595 765 481 849 461 659 981 702 704 321 808 24 464 141 676 89 551 127 763 456 726 313 926 848 693 514 631 526 731 571 795 322 195 216 162 34 865 856 719 915 742
91 373 6 225 576 455 582 633 604 213 555 316 906 474 242 223 825 321 285 448 929 661 586 7 687 103 455 961 607 861 107 938 776 387 34 892 845 331 337 29 704 85 237 789 115 538 219 302 336 569 7 467 835 345 623 96 780 465 639 511 455 484 35 75 316 262 614 454 706 867 753 578 102 219 390 80 622 164 521 49 492 462 981 839 409 929 292 444 445 130 198 774
234 124 514 433 152 225 366 893 875 409 443 997 269 675 482 236 263 790 856 874 382 203 232 160 968 623 716 204 41 534 181 324 820 780 270 281 672 312 922 872 703 699 718 128 82 509 525 45 846 964 600 561 212 554 798 770 733 937 573 65 413 464 727 534 772 142 151 887 395 304 384 41 88 753 192 715 242 151 988 547 267 773 494 359 146 228 555 19 588 871 383 204 896 83 759 905 387 113 367 528 878 178 907 796 595 125 192 916 519 787 242 897 807 68 624 648 239 499 866 418 66 203 253 998 920 191 6 803 420 488 723 380 953 573 756 881 605 166 86 9 184 654 23 733 428 883 516 916 654 175 556 121 804 452 292 847 992 980 737 580 667 228 811 739 687 384 849 32 910 620 869 662 265 13 755 78 274 775 291 311 922 407 644 599 908 981 409 752 626 36 159 602 470 765 142 839 73 684 511 91 657 908 268 438 178 604 110 56 647 931 447 769 296 663 110 865 973 342 631 232 569 463 734 81 804 308 86 462 794 852 302 398 765 610 904
122 860 759 499 276 165 65 428 288 44 219 319 236 71 456 162 2 875 871 95 38 638 542 538 391 947 702 390 46 142 830 551 208 894 538 637 548 693 494 520 691 130 5 759 395 396 237 534 702 897 912 4 847 940 932 293 925 275 134 244 657 503 796 38 27 392 653 389 682 511 773 566 239 914 802 96 42 44 208 938 447 285 987 29 441 888 189 36 465 946 912 188 371 674 257 963 533 233 863 651 31 145 219 510 346 50 707 784 367 435 637 98 720 57 634 874 370 829 674 420 511 762 697
355 644 214 248 263 354 820 60 75 128 95 405 729 849 257 285 828 111 142 469 288 420 23 581 799 143 443 930 826 105 503 958 329 406 421 486 61 394 723 858 62 455 530 664 362 927 773 757 957 331 757 800 384 158 79 185 990 632 387 341 699 691 565 946 14 896 297 396 823 349 830 79 971 621 607 67 636 46 742 103 336 2 517 886 141 516 267 753 807 209 736 682 296 827 509 783 221 241 836 974 307 633 324 31 44 55 759 564 291 557 49 827 112 984 340 804 560 888 435 659 251 268 666 28 783 270 302 776 870 781 235 716 444 830 959 542 174 299 469 390 79 587 343 423 222 636 812 507 785 918 1000 770 543 587 688 420 305 62 366 384 970 242 942 373 624 882 978 186 368 206 296 810 917 27 202 92 780 575 569 770 886 942 538 311 474 100 462 17 385 952 130 167 119 104 277 973 261 336 51 621 189 503 546 37 670 568 261 936 378 945 199 225 709 1000 691 308 543 601 530 602 12 925 110 549 181 758 266 837 219 798 51 572 405 365 216 22 946 786 747 943 638 277 398 58 319 523 188 983 515 215 843 23 231 461 618 393 727 40 671 285 646 219 845 955 757 915 232 921 886 406 452 633 954 81 298 338 32 594 895 556 621 437 570 351 448 460 273 848 349 37 13 305 435 541 202 403 12 845 109 843 268 464 564 825 219 915 795 760 951 449 242 337 582 626 802 46 83 198 623 19 125 158 169 411 516 960 383 473 357 581 487 530 923 345 495 872 731 451 290 522 577 236 79 477 385 293 921 214 649 287 384 995 442 955 335 77
354 161 508 383 990 379 387 819 916 947 304 559 991 233 435 690 831 330 757 782 902 938 509 420 350 383 421 90 449 882 94 94 665 972 548 347 775 754 417 142 19 1000 185 122 598 512 849 169 489 966 492 210 802 575 862 740 186 195 228 141 671 116 867 439 50 43 295 262 633 512 386 172 481 414 85 704 630 903 151 368 474 504 843 476 600 840 638 334 620 730 708 593 489 683 582 639 114 487 939 630 748 77 367 957 207 538 428 932 566 472 404 481 95 513 330 653 417 123 327 947 3 916 337 276 57 692 925 595 545 947 354 177 467 51 880 570 327 135 901 379 332 785 198 909 755 802 572 868 784 842 687 118 953 714 522 809 313 127 68 288 619 792 969 5 993 344 319 590 571 511 249 296 71 933 769 30 780 84 227 233 551 645 485 217 624 311 552 261 251 280 287 818 785 320 350 716 347 18 728 763 479 690 960 820 333 70 841 511 615 774 311 562 605 952 800 610 453 755 373 627 10 905 612 21 197 159 180 752 440 165 806 774 559 956 9 505 717 482 779 65 485 463 734 269 966 793 166 147 902 494 284 187 27 353 843 708 371 558 128 8 419 36 378 993 349 434 182 100 6 204 591 174 12 692 211 477 115 590 211 552 897 687 307 457 225 82 595 263 576 85 896 312 448 782 800 434 699 309 312 430 819 632 325 765 284 212 892 850 266 221 19 36 12 307 272 942 451 809 825 616 313 272 139 321 420 792 684 794 663 248 638 495 997 873 884 257 612 369 385 455 113 288 735 155 306 5 896 312 905 167 214 722 410 332 109
385 355 184 568 783 876 104 387 535 297 991 383 499 915 622 885 108 367 689 514 18 18 35 538 870 474 209 286 744 357 204 628 180 808 299 408 549 276 334 970 158 893 410 782 992 253 867 911 28 113 808 176 572 177 642 969 933 741 43 991 709 438 662 606 641 695 567 283 124 4 434 678 541 353 789 773 161 471 652 881 13 682 428 95 784 718 525 630 645 605 92 991 116 492 528 696 789 238 394 271 909 403 11 144 933 828 985 876 115 477 580 938 573 964 478 373 74 582 198 672 386 386 560 635 334 294 823 746 995 467 118 856 640 985 514 122 730 492 772 576 259 271 486 441 347 874 740 435 575 222 774 671 333 652 349 36 110 164 153 791 272 774 603 154 261 723 410 416 985 923 707 855 318 60 115 565 289 942 448 286 530 706 546 711 615 687 306 87 662 193 465 709 62 463 808 620 451 712 111 852 188 724 329 837 238 365 21 121 73 566 85 774 724 682 478 51 353 937 562 437 7 229 41 469 739 512 908 482 192 404 402 18 128 778 256 193 134 825 813 529 40 545 83 644 884 779 292 93 640 62 524 782 825 265 403 856 758 465 417 730 71 523 534 253 996 142 130 615 358 49 906 601 307 363 825 360 525 840 653 374 100 118 744 211 560 654 253 161 498 473 16 256 22 716 406 694 767 117 773 318 336 844 249 426 104 937 177 778 30 927 71 331 469 675 931 287 622 696 821 783 637 441 105 727 355 576 716 462 411 643 959 20 986 642 3 480 163 292 131 493 614 197 879 279 301 145 679 135 357 390 731 59 754 646 9 227 171 362 614 937 868 893 192 195 764 264 646 971 588 539 171 946 698 322 831 914 197 61 299 514 182 158 219 274 258 984
102 256 151 484 295 887 72 837 357 199 19 317 10 203 210 69 590 734 266 805 272 105 53 1 558 386 979 746 365 427 764 130 231 627 888 280 933 270 862 606 545 580 241 340 368 94 878 736 184 725 521 826 784 625 477 147 829 724 796 169 999 331 63 973 192 50 517 908 687 612 186 145 177 582 973 429 188 741 29 982 442 520 666 334 16 280 33 159 514 973 475 438 858 694 880 800 572 542 927 857 645 576 439
314 739 118 383 221 74 76 428 46 418 555 19 794 278 828 911 705 392 687 22 159 59 786 114 662 738 970 240 47 400 471 127 432 180 608 714 936 220 552 152 577 489 382 569 834 826 897 490 617 619 690 370 501 108 561 592 240 27 715 491 761 336 256 622 966 49 952 19 918 771 853 637 227 109 915 932 986 681 414 944 528 439 265 547 174 953 882 382 231 843 508 172 318 533 930 758 52 284 299 260 85 48 653 227 389 782 635 23 481 799 172 400 550 484 4 410 310 240 143 906 530 721 976 849 437 653 862 63 757 434 469 402 831 194 560 143 115 8 113 431 761 827 407 453 746 367 983 65 762 125 320 318 712 661 681 40 657 522 736 174 683 651 778 462 550 964 52 516 952 886 130 115 980 188 555 489 165 359 138 687 159 145 161 172 53 48 537 285 778 894 371 592 633 781 876 466 101 333 686 171 925 387 21 909 319 209 492 852 468 998 941 601 773 26 145 896 23 560 138 445 834 628 61 752 920 460 35 57 53 828 82 487 487 513 140 920 500 977 93 319 442 600 768 179 174 536 402 397 910 119 510 416 910 419 860 388 652 599 854 802 526 972 324 507 360 226 462 916 681 237 487 755 171 366 778 91 857 449 460 320 308 245 125 386 838 683 217 6 729 144 125 240 891 329 108 25 255 575 802 503 977 389 171 559 144 18 950 905 620 999 456 801 807 670 279
68 735 411 174 669 466 959 844 663 683 724 575 502 606 539 367 126 643 374 961 144 424 143 499 157 374 820 426 312 862 218 866 584 430 463 12 364 263 40 484 259 841 205 361 514 213 138 866 432 987 464 546 251 981 742 939 245 775 841 699 694 17 822 461 806 484 92 427 208
47 623 219 63 419 917 319 141 983 441 625 223 511 361 790 235 15 830 48 141 336 550 623 897 786 803 845 939 998 597 901 329 356 88 103 676 450 829 479 560 95 525 776 158 768 936 697 126
367 490 801 896 823 566 565 451 866 998 947 928 856 795 576 75 1 818 749 346 220 155 902 103 790 958 102 346 516 791 312 167 562 974 650 560 867 511 453 442 779 18 259 409 26 42 748 322 105 891 917 632 313 807 796 382 269 869 775 550 376 344 760 247 171 51 199 454 708 608 143 527 43 678 707 512 142 773 127 193 387 791 766 133 899 232 209 146 417 976 632 468 308 852 840 230 16 66 617 699 431 259 332 216 344 712 970 122 337 65 361 140 33 858 717 670 192 608 721 359 130 268 211 659 955 620 922 492 108 854 307 501 612 652 808 920 248 946 747 759 703 552 226 877 156 270 470 660 310 907 753 319 13 646 598 981 991 277 35 112 346 835 857 824 893 304 629 21 726 189 951 616 417 99 238 669 329 464 516 72 299 600 110 209 701 752 322 622 492 643 760 231 276 829 984 747 350 89 12 770 462 824 520 156 105 413 791 453 504 423 650 914 491 154 511 487 774 581 526 893 182 282 777 169 204 13 70 789 267 10 667 958 534 299 673 539 320 915 1000 470 133 260 894 470 757 3 73 922 114 778 546 839 308 437 562 12 691 999 685 28 341 799 752 822 704 390 72 538 978 613 847 691 205 853 447 318 297 714 144 953 937 935 786 476 235 133 962 324 889 385 294 216 645 292 670 679 282 83 784 618 515 37 948 173 898 745 424 466 522 176 48 80 329 580 205 434 369 313 323 187 721 372 219 330 541 505 193 30 504 380 872 222 63 247 410 588 850 78 197 901 847 418 499 642 580 63 719 393 275 530 733 17 971 174 192 357 929 69 450 809 814 247 348 556 850 947 696 193
