12 2065 4698 1680 12562 14126 11834 13022 12616 14632 2065 3608 12965 6525
14 10758 4854 1004 8741 2530 14376 10906 10758 9062 5661 5909 5990 3731 5989 13098
16 528 5841 2796 8077 2748 7154 6719 7598 2010 13684 13389 528 6418 7684 5561 13891 3676
18 8980 7180 2684 2675 11656 2023 11582 10156 10142 9001 9314 8980 14889 7515 1220 5356 10966 3400 10965
18 10847 7330 4077 7758 8503 14008 2070 7515 31 3126 12176 4124 2680 435 11578 5705 6071 10847 9064
20 7573 3211 11767 7573 7050 4444 4552 4148 2276 9049 1688 9407 7052 4411 13534 4167 9997 7854 13675 1547 6327
20 8949 3405 10373 1525 8949 12127 13659 2187 9767 11517 4747 2464 1806 10133 10431 7820 14866 11554 6957 4170 1352
22 14559 5084 12322 14412 10261 6905 7198 11947 14207 10627 9274 5369 10411 8135 10909 127 10880 14559 9381 7230 5339 3348 4368
24 14574 1706 4236 8779 14574 10458 2744 3291 490 6663 3345 11135 13298 5387 3949 2635 6268 3527 651 8277 7357 6908 5488 155 2375
26 3511 2956 13281 4974 4166 790 848 9520 3797 4441 9799 12925 3511 11644 1165 1991 4642 6192 13295 11987 5582 14637 52 9963 11122 10946 9525
26 5077 7228 9075 2422 6565 11786 10858 6164 3103 1114 10588 6252 4828 12559 9071 7555 4318 13011 5077 13191 367 6661 6585 5660 7827 14189 2603
26 11486 1862 12845 14114 11486 9749 8212 3708 8613 14087 14245 13539 10635 2788 11496 1170 13827 11920 3461 8578 9606 13144 10691 303 3673 7868 9888
26 6552 3598 8126 2425 14884 12532 2673 3613 5662 7452 12658 5124 1777 8180 7405 2906 9479 13720 3922 9656 10932 6715 3105 6552 8777 771 3253
30 7388 8941 11833 3719 6336 2450 9583 6921 2559 9853 6713 7359 6115 8743 7388 11812 11675 8424 13469 7664 10347 11013 12562 6784 7459 11102 1667 1063 7909 440 8895
32 4449 12747 7553 3936 108 5135 14711 13147 8382 1465 13292 2547 7952 1161 4449 12463 8164 1532 14178 10603 4943 2909 13772 5774 2932 11556 8417 1540 8203 2351 4661 1274 5482
34 9399 14668 10433 12572 5719 3282 10478 12016 752 14981 14877 11760 313 5000 5441 14806 9399 476 2639 8564 11901 8512 4003 10795 11830 4021 1303 8039 7577 5903 11012 9706 5804 13631 8575
34 8052 5187 6289 106 6179 8052 539 9800 9858 8947 702 5178 12762 4424 7083 14399 10366 14171 5681 286 9236 6169 3533 9580 13441 5193 5519 5988 1248 970 2816 10655 9507 4660 14032
34 14360 11669 7694 12638 8704 5923 10473 9412 10982 1900 1211 4548 14903 13340 13592 4729 10712 9810 12643 9255 1729 13062 9090 14042 1730 10238 10345 5520 2084 11269 14360 11283 7070 11109 1277
38 1932 10069 10620 3777 9156 8725 2981 6414 7070 13827 964 11821 6977 2147 56 6294 12331 434 8137 9353 7461 8285 4970 4086 5774 14050 1932 10087 11217 5928 11040 13355 8496 10656 627 13637 10952 6596 7767
40 4415 455 8817 3024 4415 3723 7215 2534 8924 12616 12017 12701 11783 7378 458 3559 10736 8393 2112 11168 2515 6373 11679 10779 12481 9980 10265 6852 885 2946 4879 1871 12748 4358 10552 8877 2048 280 5431 13374 13125
44 2780 8565 11865 2385 12209 2146 11565 7233 1664 5609 1401 13192 14405 11897 2131 14630 9793 9148 10391 8609 8559 13123 7292 10071 12251 12586 6878 8125 8339 4167 9281 7412 4786 8702 13911 2780 2349 4424 10146 14434 14860 13458 11394 6672 8371
44 7867 12834 14634 6954 104 7169 8790 11183 3143 9777 6557 5645 12610 6178 4791 14583 14163 11588 7829 2100 6056 6229 1597 15 10844 8836 738 10008 4863 7867 4952 14449 10147 6630 9178 12325 13870 129 103 2849 4618 552 13941 2608 11554
46 7446 3572 9433 11750 12903 2895 4578 9714 1082 8451 3902 8144 13026 6835 9308 11943 14349 7863 6027 14502 7750 7600 8157 14421 732 6733 13220 7500 3180 2981 9307 4431 8331 10560 3045 10128 6708 10545 6096 5107 5289 829 3475 7438 3447 2742 7446
46 9205 2402 6475 2752 13865 10799 5392 12645 13572 8040 5104 2440 14089 8830 10508 232 13451 9772 4465 12515 1944 5185 6206 9142 3487 1395 13847 9205 12932 12014 14184 4156 11504 8487 14611 12169 11754 3559 11852 12068 456 10833 9647 910 3860 2862 4907
50 12145 1190 4821 1409 461 1666 7761 6110 12216 5389 9372 7615 7192 13194 9030 6168 2160 1414 12589 3718 12333 12145 7107 8514 6467 2429 10948 2872 1351 5288 8312 5874 6644 5000 7850 14058 1153 5181 8057 3759 9235 2868 10483 7978 1412 922 5598 3286 7180 13280 13489
56 3211 934 6545 6570 2664 11865 12713 974 11153 12058 9887 12731 6002 1974 14631 10285 11880 14418 7129 11849 573 3463 11528 9671 3643 12474 8736 14223 3211 2520 4228 12675 10717 3538 1823 5708 11521 5420 9966 14866 14982 7571 4525 8460 2353 152 6127 6270 7915 7500 14233 1629 7130 2285 4695 10443 14718
56 1546 3509 641 10614 2230 13193 6288 1025 1155 10412 9137 1214 14713 14948 12962 4735 9441 7014 8726 1098 14800 11869 1921 2371 7860 5102 1546 14655 13044 8274 852 7750 13302 821 10960 7767 7647 4946 14974 2192 5775 10142 7237 5322 6432 4328 7935 1507 8580 12264 1665 2343 10570 5578 8712 10781 8439
58 6777 438 13120 14436 13770 1448 1902 5487 2469 3397 131 9065 14556 13313 10217 2669 5788 2806 11478 14027 8546 6777 7296 12383 14344 12591 4316 12288 8499 6566 11626 8531 457 11124 8289 3655 13142 3385 1499 11158 4006 5735 4456 12241 5741 13048 8835 228 4417 8522 11338 13593 10942 3900 13151 14252 5289 5904 10891
60 2694 9303 8107 7292 2694 6346 4640 6563 4420 14930 11669 14518 12131 427 12054 1876 1482 14877 3910 384 13081 11645 9076 6837 4456 5559 9565 13965 2074 2282 7546 12089 3955 10686 4504 4229 11693 4744 696 9128 5599 9249 5686 13929 4950 10075 2053 5921 5380 4672 7101 11043 14163 9872 8143 1924 3358 6982 14570 3355 12652
62 7950 14514 10822 11297 13756 10883 11194 8321 1582 2301 10208 13945 4503 13286 1592 9006 9256 2987 2489 8354 1774 6325 5596 1586 9887 2661 8280 2641 7950 14068 14523 14440 12123 9813 244 11168 515 1850 13533 1055 6259 11305 10648 1951 2458 4569 7423 595 3494 6893 12102 2592 10183 13292 14667 2262 9640 512 12019 417 755 9949 5287
64 13545 1117 5728 6800 8145 10454 11225 7796 7960 4792 853 6140 1442 9560 7771 8664 11843 10795 10953 7023 7351 7864 12934 5782 7172 10047 484 13634 13295 10497 907 5708 6021 1609 8823 9394 14008 1391 13545 9086 13235 318 14508 10617 12724 10698 445 9580 8486 3959 9251 4636 4818 5431 11151 6890 4116 7105 8737 6072 3128 464 6257 13202 3065
66 7118 7587 10871 14823 8525 9776 9493 9714 10231 13401 13047 8100 807 4328 962 5504 1276 4462 9566 13590 2594 4804 11188 11699 9078 7118 1363 11268 7566 1193 7556 8818 14095 12486 11125 4980 3768 1698 8792 8955 1072 2623 8585 8368 13824 14294 572 9022 6473 10304 3465 1912 3694 4829 7988 11332 5992 11113 14971 5238 3104 4187 10546 14004 3092 7174 1827
66 5546 2589 2899 8244 4129 3998 5940 952 11903 12832 9892 5546 2054 14930 11104 7583 5763 9727 11418 7104 13770 9339 14781 14458 4699 10911 6719 9299 2955 10665 3821 9132 4676 3342 14981 5726 3335 14475 44 7978 1801 13203 7739 978 13195 11132 2055 8468 12132 363 7019 12003 3236 14879 11724 1393 11486 11829 888 3818 2811 13940 4928 9611 11721 6511 10921
68 12914 5302 5834 4611 6895 1671 14636 14925 474 1216 14963 8116 12318 13414 11034 13343 6818 5966 7213 12500 2275 3227 10103 6095 3170 1998 12266 1306 12425 5524 13734 3491 9324 7678 9354 13211 2271 379 6152 11827 580 12383 4189 10735 14648 8487 5665 13663 2694 3639 9437 3402 12914 5156 784 3409 5860 12243 7329 1346 6161 439 7061 10572 2438 7991 13509 6833 5469
68 13820 1025 13054 7349 663 6829 12504 7743 5722 11521 2449 625 5567 8251 3045 1956 13820 2328 8859 910 9018 11301 4629 12127 11037 3461 14580 9370 5563 13871 13027 8871 9854 2144 13344 1904 13576 8720 9624 6766 11231 5236 11625 7689 736 13943 8252 5975 13736 2068 9136 5470 14162 5772 1243 1397 3204 14434 5275 7641 859 11419 5118 3029 14886 11742 8851 5963 5846
70 12876 9125 10833 815 13405 10425 7398 13692 8794 7809 10001 13513 6987 1181 7617 7994 11498 9187 10299 9984 14853 2901 4073 5454 4989 8722 923 14810 9040 12876 2033 392 9812 325 5036 11303 9762 13546 466 839 11107 9568 14669 7916 9715 11316 4303 12488 4546 12357 10992 6426 3448 9536 5786 6358 3337 3969 5434 2321 13853 10888 13436 3231 4106 8774 1274 8733 14095 7120 11230
72 10025 3000 1589 1934 13769 668 5026 12367 4671 11211 1341 13928 5127 1554 13676 11328 11044 11413 12194 11154 8044 12591 12416 12300 7133 2713 7403 2326 13808 2493 378 3479 11176 3287 14057 14758 9193 10107 2999 352 13422 10025 9246 13949 14698 8246 934 422 639 2047 9814 13804 11753 9520 12401 10874 11304 13751 2719 14346 3027 12226 11196 5344 7960 5874 10838 7373 11749 9205 9910 5712 6274
78 12758 3918 1127 13502 2148 9751 11701 3531 5683 117 11548 12030 6412 3785 5616 3867 13204 2572 9791 11788 7351 3809 5976 9994 1006 4412 9742 13538 7037 10440 10680 5778 8742 3904 3880 13105 9254 12400 3178 5071 10153 13686 7598 1231 3120 4824 13003 8160 13429 5963 4031 8180 3666 13071 5531 124 1188 12507 1571 1022 7722 1372 12219 1097 4841 8327 5788 888 14932 4952 7623 11392 7866 10706 9745 10362 12196 12758 10466
80 12179 2397 11132 4827 6839 11719 10037 1379 1198 13450 5516 2286 12624 10627 8119 2645 1785 6464 13664 10317 1265 12546 14803 12179 2945 9312 7535 10206 1169 5134 154 2929 8953 4536 9220 8730 1950 3290 2925 4236 6775 10748 2974 11981 12115 3207 6800 10880 9548 9013 1439 8651 7232 10580 7801 8062 9618 3077 1200 11462 8364 11268 3675 14342 6036 6397 6205 224 13781 400 14776 1120 4375 3831 3860 3153 3727 9763 328 7874 12665
80 1130 13330 11737 11061 12597 4175 3204 6846 13761 12647 1394 11527 14174 11403 6177 11019 9389 13356 4727 3578 7469 3756 587 7789 8733 5329 1173 2023 12225 13812 1789 14327 426 10769 7390 9953 5252 14505 3261 7893 14547 5639 2175 2697 13021 5604 13183 975 14599 14883 13111 12644 11758 5455 14246 4157 968 1484 4168 13981 6576 2982 3361 10648 9671 1442 10475 13264 107 1110 9421 10167 73 8120 3046 6426 7948 392 9001 285 1130
80 3584 1718 5586 12906 1467 2999 9635 6127 9289 8553 11997 2939 464 8235 11943 6166 2779 8962 4727 2432 13566 7461 9135 1894 7761 12300 2880 11853 13838 9403 6940 10745 3397 4309 7263 11947 3584 3764 7841 6822 12650 11136 6859 5299 6190 8003 6027 6590 14109 9957 1617 12743 792 7864 14320 11064 10980 7768 13555 134 8015 13013 831 6319 12076 10182 11995 10278 7807 2409 12224 1496 4217 3847 2582 6337 627 13940 2937 11179 3870
80 4326 14401 4837 7181 6733 5107 8183 11583 3283 5830 7779 1559 6876 8303 8308 5762 3357 2793 310 8668 3974 3225 5329 1913 14326 11688 905 5384 11235 7366 4254 6245 3401 1139 3960 5367 12358 4326 6387 7923 984 10721 180 14184 9909 2187 8391 13995 7039 14505 8349 14980 7132 3842 8872 2404 10597 8663 7796 3241 5157 409 456 690 3482 1623 14407 4207 210 9007 4864 4468 4460 7403 3699 9984 3424 11231 4517 11652 3024
84 4486 10483 13806 12832 11008 9541 4486 1324 13715 4368 4399 2242 11645 12920 11270 12631 8441 1790 6737 3342 3803 11713 267 965 10993 5689 7449 8374 1729 14914 3048 1459 4505 11585 219 11136 11127 12099 3921 8054 6057 7862 5037 2436 8217 9619 2250 402 2166 9840 10262 6782 2609 8174 3989 3723 4787 14293 11603 8385 10678 2219 14422 14696 12477 1104 11310 4247 8202 1028 3359 9679 10357 7004 5299 8910 10538 10498 2383 8690 2215 2883 12534 769 404
88 9770 10702 7068 908 6876 4035 9225 14828 1087 12096 94 5474 3940 8464 9103 1410 4987 3751 9398 11107 10202 324 10088 514 1836 2053 6279 9015 3802 254 12854 12645 9529 4396 8839 11242 1363 6482 1535 9487 14986 6735 11210 4718 9770 32 14362 13991 2340 11380 6746 2950 2336 21 10036 7984 14317 1887 4109 3768 4733 12118 12831 199 9587 6724 901 1875 4383 14692 12381 1033 260 159 13923 12722 8296 12348 12244 10636 4897 6525 1306 9799 7843 12169 14819 6104 11044
88 12311 5263 14167 10527 7159 428 1198 528 8220 6439 5288 756 9634 954 13233 3913 14734 9327 5087 11985 11234 6500 6179 1592 14364 4239 14625 1138 7462 13187 10627 7174 14067 2296 3587 734 11927 2649 3961 12763 1735 3888 6342 10227 6790 4209 8052 4027 2939 7400 14011 9992 9646 14833 7940 3268 4591 4618 10595 7623 12311 4185 13980 14582 11286 7332 9240 8840 8826 4124 7406 11867 2572 13185 8371 11184 4035 4190 1200 9462 12075 11166 4087 10844 8761 1276 14580 8179 1964
90 6931 1669 11509 10870 8882 526 3419 1844 9209 8227 14319 12401 10475 1739 4402 10555 6525 10193 11687 7662 12918 4660 1544 11036 10730 428 4313 7189 2927 7506 12900 12583 1438 7474 13373 1493 6181 2490 1978 7596 12216 4227 13387 8413 3779 3770 541 13860 1782 4816 3591 329 6816 253 10332 11134 2756 6878 11019 6210 5512 6931 6899 4759 14507 2358 10343 8233 3724 14968 10324 11823 11927 9628 8171 3300 14512 6648 2086 12735 8906 11230 12884 13770 1446 11021 12990 10883 2418 2533 2475
90 1385 2292 3600 7164 4767 8416 3662 10265 8330 2133 7041 12238 12492 5114 6938 11367 8317 7676 10469 9326 9227 4807 2168 426 13835 6112 3894 3290 7427 13072 7136 11175 11719 14837 14992 13153 14469 8327 5614 2040 2824 100 9086 3452 8880 7933 12274 2881 12155 10254 7189 2654 10674 9041 7537 10744 6180 1296 10605 2240 7365 10155 3190 1755 6455 2936 8755 10367 3885 5283 474 10528 3808 108 11335 1385 14259 11896 5782 9829 4514 10858 13122 10115 2971 6087 11980 14290 2247 12186 11451
94 210 4036 8480 4890 12553 1145 10538 1736 14011 13699 589 9479 2669 22 6765 13233 10502 12306 3205 10243 3904 12407 2613 12479 1284 9867 3924 2159 11639 12073 5047 2537 4584 8135 6570 2049 666 5409 14938 2888 210 7868 12552 11245 13435 9708 10180 9143 7077 5513 13089 2197 892 8739 10849 2242 3334 13190 8992 4507 4401 2175 7819 14802 7341 1026 5274 13181 3832 7091 10262 822 5914 9237 13607 775 13220 2961 13581 12331 9154 8521 5302 4034 5939 5690 11016 4899 12899 9068 11223 4348 6142 1102 713
98 8554 4476 2214 13064 6489 14162 7274 10444 9454 218 1426 8447 12215 6531 12631 7304 10829 7218 74 7675 4244 12373 5176 11494 11058 1282 633 3316 172 7412 7017 4782 9773 7111 9355 11992 5451 8554 10059 12123 4109 14021 4275 6775 9021 12273 9055 5654 5276 9398 6732 6457 140 6315 2121 594 12850 2635 7167 10903 5582 9318 10361 13229 736 6271 5114 5352 10835 921 12115 13272 5876 7662 1080 7261 626 11554 12138 6840 2592 12531 9687 6176 4783 10658 2728 11021 12264 14429 14795 9064 3479 9738 5445 3481 1551 8013 5209
100 7198 11649 13797 8204 6950 14247 7119 10946 982 13126 819 12482 4185 5757 10128 12626 10218 12341 12192 3400 7198 550 14340 10137 13499 9400 3043 12579 12683 6321 4770 8425 6218 12823 2339 8293 11538 10806 8130 6053 867 6705 10962 1910 12173 9314 224 2120 5254 14119 9103 9076 11802 714 3685 3332 12928 5513 13872 447 12436 1696 4054 13742 9539 14532 7338 10817 12609 12030 1636 3738 6021 2974 9756 11456 7956 9914 5926 3829 3700 11692 7936 14090 14005 6571 602 1472 9833 8134 9022 2154 11180 5975 1883 4133 13179 6639 7964 2527 10475
108 10760 14099 3257 9612 5315 517 1441 4607 13357 14861 13926 731 10760 2607 5268 1545 14995 5079 3754 10288 14125 4541 350 11575 1135 9470 5023 4655 13677 3528 1839 7772 12893 8744 1256 2478 9770 2227 12769 750 7406 327 3626 11389 1168 6193 12072 5567 10728 14767 12312 14079 13436 4496 5001 5483 3635 3249 7237 1719 7563 4017 13833 14397 7925 4347 3878 12668 8658 4168 5427 1021 11549 6233 5950 5743 5945 11262 3317 9317 3035 8825 7691 7114 9607 10881 4755 12565 10551 3924 4126 13303 8448 4645 4453 10080 5080 1036 13512 1240 12155 2281 7180 1324 2246 6425 9661 5057 740
108 5273 5519 8161 5822 6878 8253 9891 13609 339 207 7662 9245 11428 182 8222 5980 13506 13435 4284 13591 10273 9739 2043 8767 582 13128 6959 6942 10840 5095 6605 2266 7628 3493 13307 2048 12120 9844 14827 10263 297 6827 6385 1253 1809 546 10751 12157 11768 2779 2139 10679 10497 5075 5567 5273 6946 7275 5727 9304 6729 2539 5784 4141 8871 5803 2071 649 8801 5256 11784 6492 11052 5937 2144 6861 7028 5864 10447 6405 13150 7415 8854 12476 7116 6403 7700 2788 7964 6148 11953 11073 5623 8263 14534 6028 5526 874 12773 10191 14042 3423 385 995 7857 1397 11329 9576 11363
110 10102 12805 5832 8545 6380 8525 404 14242 10846 1944 1187 3464 6123 2608 2322 2035 12995 1535 6891 6668 13422 10954 3058 3371 5178 1060 13813 14293 6659 7330 7364 8093 5619 6210 8992 11899 3753 14172 5753 14798 10583 3803 13239 10180 2134 4809 9733 12769 11434 14823 9388 618 14156 4664 5292 4585 6237 368 9514 3187 280 4718 6062 13117 6309 14030 217 7892 6799 11965 9221 13305 13702 6841 7857 1158 7674 1635 635 12923 10902 756 1501 14067 3222 8286 13979 10618 605 3307 7485 7525 4825 8085 747 2236 943 1113 14144 10102 11435 9838 10766 9856 10924 10693 6474 1368 6999 494 14288
114 12605 2245 12228 11099 12011 10759 10489 12968 11619 691 10674 5964 11971 9054 3755 6727 12919 6113 2121 6587 12827 2796 4389 11856 1812 6069 9294 621 2543 2271 11640 2982 8855 9464 10702 1725 9085 11011 5363 8356 186 3527 11452 135 13643 10258 12116 7905 14999 12670 11743 4568 13345 3698 3491 14853 7511 5387 12582 1572 4494 6829 7308 11859 13102 11695 8311 10497 3793 252 688 8708 4371 7784 6526 12605 5112 346 7500 11122 3363 11537 995 9103 9909 4636 11183 455 13050 5798 2111 14347 4228 4157 4914 6316 7054 13351 9206 14016 9986 10502 10568 4021 12428 13091 9312 12300 3915 5032 6667 2926 4451 4973 5372
114 6217 2169 9433 9271 1092 3546 7952 3264 11838 9551 9111 10101 14432 7969 6719 12276 8313 9517 11572 10300 2600 3102 4504 12496 10251 2992 1776 1245 4264 5028 8202 12558 11408 5720 1882 13258 2976 6217 7910 4629 8540 2079 984 14135 13981 4759 124 3087 3809 11405 5010 6684 8580 1586 5383 2720 2036 11420 7919 11443 11139 10084 9264 5619 4469 7437 14768 13888 2528 7562 7086 13670 13378 4321 8384 11571 8113 2806 1027 9520 13976 6766 5475 9293 1226 10374 4817 11699 8181 891 10734 8476 5747 6158 9286 2758 225 602 3858 2141 9188 2988 11876 7117 9827 748 10417 1408 14205 9740 1273 853 4862 13879 10670
116 6148 6973 4621 5318 10935 12749 1021 12774 4932 12294 14902 2164 2414 435 13718 5327 5989 4353 8130 6148 588 118 12543 12509 9521 14654 135 655 2142 11432 10512 12351 788 513 5169 11236 6135 740 14054 1168 13483 8044 878 13491 11192 8873 511 7024 5120 12863 1967 5929 7451 3801 11771 12762 11791 2979 14043 7075 13593 1954 3808 1074 180 967 3077 3013 10443 7441 10698 6155 4031 13971 5487 11179 9273 7362 916 8986 5512 5529 5783 3409 7834 8400 10619 7867 6777 6236 11326 11589 7227 14982 9520 7708 13740 8769 4392 11568 3273 2651 13404 5354 154 7414 4083 1615 9406 345 2976 12521 11092 11982 14021 3239 11264
118 808 905 11386 6324 7418 1666 105 7750 9005 84 4550 10492 13866 5880 13565 4531 5741 431 5156 9078 13586 13744 14933 13826 808 7841 8597 2398 14150 12279 9690 14289 6344 1421 1518 915 10072 8349 4839 9021 9736 6550 768 12186 3526 14842 241 247 342 3898 11833 86 6790 89 8528 14791 5228 9986 14738 12018 13623 12080 11084 14206 14997 3458 2517 10431 8465 1222 2258 7966 7873 6220 11018 14809 4578 1899 9448 4070 11462 10820 2503 10421 5987 10009 9666 1995 10757 14856 12289 13193 2367 8456 4923 7940 5478 5041 2400 12669 3514 630 13080 5261 10745 10127 3791 3222 7484 10168 1164 13557 7489 13396 11753 14579 12382 8581 745
122 2193 5578 848 11836 1206 54 5336 6493 1202 13614 11670 7939 3480 6385 12765 1479 514 7725 13773 1460 4979 9851 3383 6426 12075 11520 4067 10787 9587 12410 13478 10943 13070 7050 2310 13886 4150 14106 8609 5343 1487 139 4125 8720 3441 13798 10417 4176 2137 13143 6489 8961 11680 1914 12941 6929 5825 6966 9554 12475 14795 8335 10864 1421 13953 7221 13512 464 4849 5292 6088 7374 8679 300 8682 1902 8309 10217 5921 5951 11713 6645 5068 11207 10876 3035 4060 663 1177 11293 4908 2131 9625 5289 10253 11622 13052 6626 508 14825 2232 10713 2193 1839 12599 12704 3819 7895 8341 1891 9788 727 8340 10798 1093 1665 1127 10048 390 9526 4088 9447 6063
126 1156 6177 14518 12144 4472 1684 14638 1156 876 5765 5233 10944 12140 10102 3420 568 12281 10531 3757 4174 10486 1423 9205 4079 5431 7335 9151 2274 7230 9200 9953 10581 6437 5967 6988 3124 9683 834 4155 9279 4474 5008 9012 9796 10447 2821 4157 12855 7606 3556 1551 14283 12532 12463 12704 5491 12628 7768 2756 7583 8196 13563 10864 711 11887 12881 9032 11928 10301 392 14834 5119 7951 11173 12379 12425 812 5418 10746 2183 5971 9253 6606 1803 3624 1174 4015 3965 2987 279 10189 13068 161 9445 11761 5367 14032 7194 8758 3291 6963 2137 4694 7154 10033 9110 778 10083 11908 14187 3884 7300 1448 8270 5984 4598 9547 10042 8771 7874 604 9226 7743 10541 12811 13753 4358
128 12447 7389 2785 293 13093 7293 8383 7615 4865 3960 8634 2443 6608 804 6534 11784 12928 6945 12300 11684 13550 2617 9560 352 6283 10715 11406 12810 11131 9430 4226 2021 5804 2942 233 1696 10373 461 2919 5914 905 2144 3137 3138 10848 1311 6698 12265 14423 2645 485 4309 13747 1251 7290 9858 11504 2924 1865 4161 4025 6281 5675 3134 12447 138 11943 12217 7605 3053 5766 14118 6966 13200 5530 14517 1075 7750 9601 11031 2143 12992 6517 12520 12933 14711 5293 3111 6976 8401 4180 10564 14581 9779 13018 11353 2920 11429 2595 1836 11072 486 14003 7296 11776 9123 2224 5757 221 11383 13542 12580 1951 3860 1924 8092 3859 978 7177 9057 13821 2038 11431 8972 8659 14717 6004 8722 6380
128 5556 6041 312 7856 12794 1029 1671 4279 13533 963 3485 2585 10857 10997 5985 8375 8863 2588 7589 4757 1120 14294 10907 2994 14719 2724 7476 2319 4128 14652 5556 3840 9125 7069 1015 12168 4143 1810 13918 14861 10811 2404 13216 6171 14206 10650 11783 2888 10448 2656 3367 9723 13813 14322 2901 9189 7180 6595 1870 5815 10814 2279 6544 11486 5289 9983 3626 5452 336 4017 8623 12078 6853 5883 8855 13032 4398 4285 2746 10489 4801 7226 13604 11248 9253 2291 14516 8766 4993 13575 13540 10680 8283 764 5889 12949 11161 6219 11335 9495 3324 4900 1709 311 13474 1315 14806 10446 10332 14872 9476 12130 2775 10659 14033 9692 3048 11901 8088 12575 6683 12478 4858 2116 10038 6752 3015 3185 8049
130 5539 6856 1920 13116 86 4524 358 1778 12982 1652 7444 1451 4698 13807 4454 14172 11806 9606 9798 10571 5161 13556 1661 3068 8101 6462 11676 14947 4032 8506 14199 6862 7796 13435 14497 4423 1121 11508 942 13616 13301 1306 2025 11135 6126 12362 13899 10809 6068 4078 127 3047 5539 10967 2399 1061 406 5001 3595 8349 3051 11761 815 596 12852 10795 4399 9508 6659 10846 11311 13185 11408 2075 8857 9808 8989 1069 9430 7914 2983 14854 2371 7321 4465 1945 5735 2275 5431 1968 5437 13357 863 12262 191 9607 11433 10461 8209 7381 731 1553 3693 5430 8667 7445 3912 13103 1075 11589 5721 10323 9269 10736 7618 4855 9072 1351 9977 12271 5162 889 5365 6594 1736 9233 11339 12060 9016 14766 8054
134 5015 11366 10697 13396 14330 671 1945 153 3734 7136 12080 518 14093 9839 10014 5015 1108 8746 4741 2993 11851 8875 1305 13288 2184 10787 3884 7276 5281 4970 4486 5326 12207 1639 10318 12617 3886 12616 12000 10622 996 13803 11904 1747 1315 7395 1957 12026 6003 10654 3339 8896 9768 12091 6809 6764 4088 2485 4100 13159 291 14942 3805 9931 2206 148 5823 1241 714 6095 11289 1000 5951 396 12038 14613 8008 10171 3843 13875 11136 9025 7347 2084 9128 6745 14357 12571 10658 4537 4718 1972 11760 7554 10330 10173 1630 14818 13504 8435 9629 615 12250 14429 7858 2864 2126 4591 9741 4876 10667 7692 10579 10356 11566 6562 4706 4664 2617 3310 3867 8931 12591 13985 13576 4002 3478 1493 12511 13979 14643 9160 1373 3937 9851
136 2929 4761 10049 12284 3039 1343 2929 12671 3485 242 8483 14282 2883 8471 4719 9560 2729 5011 397 13081 1546 3907 10446 138 1177 2123 6061 3271 14711 8438 7348 2011 9567 7465 12301 6158 13881 5209 6191 13447 4044 12210 3866 14233 27 3959 2648 7661 14744 4894 5212 8111 11340 8838 11759 4920 2082 7553 6044 12057 3235 14976 2310 5185 13657 10902 2147 199 11954 7609 7247 11541 4739 7979 14463 10596 11599 4501 69 9164 4053 2199 6705 10155 10504 14087 9703 7800 10658 5903 13326 13812 13617 10044 11082 8513 14627 189 11894 3020 2385 2615 3444 12998 2035 3101 3984 3454 9161 14425 2290 2958 11258 11455 13032 6298 1732 3978 13221 10355 12478 13574 10160 1070 12263 11656 14602 12392 3628 7061 2150 10035 14053 8675 12266 7344 3497
136 10471 3977 13466 1301 8489 14572 1278 8807 8973 8233 3098 9536 5930 3260 3457 8301 1339 7089 5409 14457 13519 13867 7515 14881 5429 13804 11586 11083 11468 1736 8561 6452 2518 161 11808 8548 6615 6311 14934 119 389 1052 3964 10270 2072 584 6659 454 11164 3748 8505 14601 8646 6128 9705 7208 2820 14524 9851 10687 6411 6179 5046 4662 438 4572 14126 4462 10467 10475 11125 6018 6356 10178 10192 11231 12137 1766 8942 2220 1255 3453 9761 8522 11878 4910 5195 14042 6968 943 7507 11219 8111 12726 5567 12664 6084 3913 12175 1378 1999 14973 13419 4885 12120 8448 3016 7906 6145 10471 12227 7911 9560 13123 4657 3479 8161 4252 7116 4024 1284 5850 4982 10558 10184 5271 5021 6372 5830 9997 2173 8231 91 4940 12140 7875 12408
138 1328 4512 9670 4133 1798 9555 6009 6709 13343 7826 9240 4098 4845 1224 13247 8323 2910 11420 7790 14530 5838 6853 9179 281 12051 1636 11211 4213 4918 7658 9379 7597 12981 7160 5397 496 4163 3442 7133 11499 10675 6204 503 12926 3968 1355 11573 10299 11352 359 5224 3967 9413 2377 4143 3439 8256 8618 5919 1594 5141 129 8836 23 5128 9104 9412 6523 8850 14921 12389 5658 8418 9131 12280 4200 7369 7342 8473 11926 14883 2085 6822 1055 4299 7883 5860 7931 8205 11349 6491 14105 4478 3765 5257 12856 3314 14153 6955 244 12195 9854 8338 1235 13279 33 143 11115 2478 9147 4668 10478 2436 3879 14140 3031 11155 9429 6778 13140 6785 11368 9471 12269 12411 462 751 12029 2623 12599 5818 10842 14430 5222 7844 1328 13992 10135 3391
140 14266 11819 9790 4004 7650 11363 2523 13402 5260 1824 4715 470 6654 5712 11323 13036 7658 3680 2572 11654 13532 8118 1150 2881 13482 4697 922 4361 9970 10956 179 7804 131 5571 3534 2133 11377 7747 13459 634 2149 12408 2175 7589 2730 1681 14305 10785 4590 6615 2536 9324 8680 6976 14351 14556 9125 246 10848 4821 3713 2024 6584 9255 3537 567 11208 4239 14771 14078 13611 4575 14590 2746 8284 11805 13797 9481 252 9690 7343 2884 13998 3675 1977 12646 8313 1843 13014 2487 3120 11916 6664 6559 8189 5620 5093 3088 262 1447 3464 3732 170 4173 9895 5957 5887 11627 3873 2394 14542 10633 3368 3619 8285 4257 11679 1622 13486 1973 13893 64 14266 10579 7978 6030 3804 1180 10803 1970 13214 5748 12926 14431 4406 8490 7925 3602 6807 10571 5524
142 13960 8017 150 3763 9172 578 13123 799 13904 13340 897 3367 11939 10327 10669 5622 7338 8411 10712 11497 3593 12113 13682 11555 6862 7611 1184 1213 4251 10761 7486 5650 77 1968 463 3256 13728 375 11982 1010 12392 14670 13894 11171 6428 9518 10183 13668 11246 12718 10816 5840 1520 322 2265 11492 14823 12210 883 4127 402 1042 3559 8838 6548 9119 13998 13637 11512 9578 8114 6418 14354 13196 1317 11574 3630 11897 7398 8812 418 4418 7469 501 10557 14264 13564 3315 1617 7558 5697 8717 1988 10522 10683 12570 9407 7551 5649 8499 3496 9815 1219 11666 3700 14930 12843 8378 13312 2176 5256 8634 4420 5269 14733 5950 13960 13384 780 6002 3829 11889 5292 1571 5602 8284 7655 2617 2408 13249 9104 2078 5416 10705 7983 3613 10208 11831 12184 12322 1232 617 2777
142 13366 8641 12850 11290 4822 1099 8907 4495 3104 1395 11566 4962 288 11641 11636 10398 8222 11300 14218 4465 5655 6934 880 6782 2937 8484 4579 8888 1574 10207 6928 888 13366 9557 300 14005 1221 14481 14579 3209 4279 659 12409 13086 65 11401 5266 9460 9140 8919 3201 7803 2928 8698 13645 5514 6061 3480 14945 9198 4346 4757 6791 5246 4576 14073 14587 7708 3975 7632 12242 4738 14636 5234 6630 6737 170 10903 14782 14393 12568 14157 5667 4541 2500 13423 8169 10265 351 1427 5764 2699 11556 4026 2064 14618 799 2346 11509 13570 8241 9925 6760 10517 1406 9289 3411 7474 869 6915 11256 871 7105 8726 13174 3011 14687 9008 4362 803 3397 13246 1617 4870 5720 8991 9633 345 10995 13788 375 10115 3635 14476 3160 14359 2122 8542 12255 7163 3742 14858 9399
146 12219 3038 10688 7548 8665 10593 1663 12289 10188 8490 3335 4939 9631 7298 8029 8195 10320 377 7412 9528 1513 1849 5187 179 111 12741 9653 6260 4697 7634 6563 4859 13774 3295 12819 3576 9022 48 8562 11715 6816 543 13992 7624 6352 456 1571 10534 1157 14028 6742 9818 10492 13174 5430 11810 7817 1774 5792 5921 363 14999 11803 12766 14386 10658 4114 2492 13855 8859 13870 4541 5123 3386 7275 1921 7051 10591 11912 3568 11116 421 11610 4502 13468 7149 92 13793 3404 8376 11309 3333 5909 5171 10343 4968 3750 12863 11414 1130 7373 7034 6771 10080 3271 752 372 12313 3922 10702 1005 1982 12219 11896 7473 9863 13356 5273 12712 7552 6021 9152 11444 7469 9714 9512 305 14424 530 2559 5159 2963 12015 5734 11618 13944 11792 8137 13881 4577 4665 3622 928 894 4941 3455 14157
146 7557 7299 11091 4536 1781 4438 13368 3476 6941 6338 14669 14490 13192 14119 8073 14965 10762 8536 1456 14407 8340 3682 8131 13750 10569 3390 8420 7388 4061 11519 14343 255 6782 12783 8111 11593 897 5383 2472 7782 6583 5670 8110 5118 1979 9992 14582 8374 10380 5852 13639 5290 2852 13809 11971 7732 14586 11670 14485 13295 4247 12683 1449 13123 11141 12142 10028 12207 11786 14463 6671 14 5468 797 12414 11431 1472 10415 8070 562 8077 3772 8978 9672 6863 440 10508 3563 4011 2390 13340 7867 6268 7701 5506 5741 2378 4359 13066 10590 13755 7779 4097 10202 6956 11201 7781 1341 1221 276 1088 8639 6805 10062 1771 14823 12730 8454 3464 5773 5210 9314 146 2549 10008 8677 9535 10513 14909 14916 5353 3092 4644 4156 1098 2048 10058 12585 4022 2000 6410 7557 3300 7831 11947 13499 11628
150 7620 1277 14522 12470 7752 203 12407 7766 12279 6781 2585 10371 2765 12748 6362 5776 8120 6402 305 3995 11653 504 11600 9089 486 6943 13781 1139 12829 459 2873 12467 6768 14760 8264 6991 7494 7456 12145 14713 12941 9704 697 404 13225 3904 4927 1393 7134 4440 6576 4497 10578 2330 8103 9199 4368 5449 7942 10520 1272 123 5644 449 12704 14169 11216 44 12356 483 2871 3918 11790 10271 3742 5420 3874 2866 3544 1894 2199 12529 1072 1838 1160 12849 11406 12101 7233 8594 13566 11487 3638 14846 8099 9907 1314 3107 13487 13619 7842 220 2444 14851 7393 286 7871 5560 9044 8231 13565 6715 4011 12990 9263 1317 820 3879 7382 5672 6290 7088 10562 9779 8700 2933 6969 1402 2015 6611 12098 11833 8920 14489 2734 2092 8951 2456 2260 14080 4979 2091 11825 1551 7620 5457 15 14018 2996 19 11454
150 10172 12190 12845 3104 1355 604 6714 11586 5223 5013 14392 11065 12890 6350 13011 10187 9459 3045 6339 6063 10106 5511 9524 9434 9091 6999 1838 5920 1929 12844 10172 14898 3675 2928 6496 8202 14271 2437 2981 8948 12059 3280 6678 1360 9968 9999 10610 6163 6887 11562 4076 10676 11027 9988 2370 12966 14812 9478 3305 14579 6600 3236 12656 628 1686 12097 12735 12105 5212 4499 9977 12777 3115 3158 1488 13464 14441 4945 11234 12540 12637 14471 1246 13907 7893 6637 4507 13718 7895 7587 9558 6673 4225 12474 3101 519 14784 3343 9165 12061 14251 13053 5664 2259 2382 9521 1741 12030 169 11360 8205 4114 1921 5496 2307 1542 8127 11444 1112 7606 10052 3748 7207 14824 7287 13429 14913 6214 10483 8281 12880 1428 13595 10367 10333 4320 10940 12807 6534 5811 1387 4608 8263 14146 3849 4612 14296 11720 10644 11353 6703
156 4688 3823 10821 687 10180 10513 3684 9252 341 9863 8835 295 13551 2184 12623 1976 2816 3712 13493 9006 13671 5373 3142 9897 8812 7688 13388 1285 2337 3141 10577 3378 3060 8990 6712 13982 2129 4688 11216 589 10379 13456 10063 13823 8767 14091 3403 3316 6706 2357 1148 948 10389 7910 294 1459 1907 2755 5797 14256 3936 4520 4400 1781 3605 12709 11990 4148 591 6458 8319 905 10851 6164 3860 1515 4193 2870 8345 12358 3910 4354 2318 33 14188 12152 6273 11853 12472 11871 9549 4542 3392 14951 3370 12265 12783 5198 6866 8513 2364 13287 3324 8490 7495 4227 2987 1801 12786 9127 9075 12451 9043 7836 6981 4239 4460 3903 14760 11477 987 400 5694 6448 6742 14571 4379 6825 9141 5871 6910 3556 7378 9541 13573 7673 11396 5689 8659 8627 1056 885 8125 9483 10842 14138 12200 12252 13658 2535 13599 11220 5627 7887 8527 2891 2414
158 12365 3238 4924 2175 3537 3292 1808 8994 10475 8397 757 5646 10994 5295 12124 9900 4422 9840 1769 1758 523 10614 5392 7051 13257 8730 7678 2680 8800 4132 9415 9894 6171 8808 5978 553 14611 4188 955 10523 7623 4768 4483 9275 5522 7902 7317 6575 10723 2951 3625 2413 8901 11453 14681 4830 10160 9276 8796 9962 12365 4605 4936 2773 3187 5663 10938 10443 3619 6021 3851 1966 2110 11630 2711 5824 11584 6143 4161 3377 10692 359 7525 13150 4058 5950 12675 5214 10593 12369 10009 1836 5823 4735 5644 9263 4759 6750 4742 11088 14460 246 14290 2967 7269 1685 903 6740 309 12381 14420 14716 12680 9987 987 9336 9032 10990 1864 10207 949 13760 9034 4748 5171 2180 11717 87 14273 12650 3049 7794 1006 6378 6555 5325 1234 5669 3101 12960 12934 6735 5469 9703 1414 12045 8903 14683 6592 6055 9709 11238 7193 6515 6695 549 10308 8925 2810
162 13313 8901 7056 14123 12316 12345 7962 12394 8169 5512 2001 13752 1646 12898 13567 13313 11950 728 8521 11306 5384 8975 2469 7218 8321 5615 11543 12579 1042 10736 1272 9624 6646 7478 10826 3631 14655 1343 13582 1650 4494 2351 3203 12241 9804 9880 12091 8326 4743 9779 454 2365 13515 9097 1002 6731 3836 2214 11155 3407 7920 12918 7651 5376 5613 11076 8075 2274 13878 6192 925 13311 6225 13467 1571 638 8940 9516 5124 8577 6842 6219 891 6825 3705 13945 3231 84 573 6031 13803 12905 3304 11303 10269 7372 11649 12407 11299 4646 5300 13913 12056 14862 11077 6491 6435 7055 14438 777 12147 625 6267 11890 12448 8331 3940 12291 1502 14758 8150 14629 2759 11862 8585 3079 6666 13526 11059 4537 8860 14182 5366 4087 5939 10754 6326 4203 4378 9466 6795 12222 12391 1433 1367 5630 12572 1205 9931 221 14606 10785 2598 4476 11035 3779 2795 2272 4674 8879 11164 12478 8810
164 365 1704 12338 6468 6594 8342 13349 3247 13259 1488 3196 7183 1518 4545 11105 9579 1696 8559 9971 365 2225 3440 2951 11343 13126 14222 3153 9327 7708 2911 7998 14254 13738 8523 3655 10235 14926 12121 4186 3811 12249 10401 8306 794 3726 13356 4603 3138 13566 4103 9254 1210 1711 11138 8488 12569 116 8826 11086 13403 6914 4582 1394 5245 10478 9245 11810 10691 11290 9440 2909 6269 4251 11951 12156 893 5988 5635 1790 11077 2377 8197 4753 2906 829 789 11108 3605 10371 7223 11800 3719 4063 12004 6949 2205 5215 13222 7606 5274 3694 1469 7745 4763 12003 10 1345 8369 10206 1921 4479 11801 5865 549 3177 1049 8470 5641 4332 14950 7712 12422 11583 9809 644 9502 8094 3856 12397 3094 6755 1082 402 5795 6727 22 6054 2167 6247 11683 9925 5298 329 1228 13713 14035 544 6326 7728 7932 2372 7767 7135 9008 4665 2651 4695 6324 4950 25 2336 38 3441 6181 8430
166 766 5040 2462 9687 8763 261 8565 2681 11419 8128 11642 6192 5625 4875 2336 10064 9182 9450 4977 6275 12308 2375 5516 6522 10677 8325 10695 1899 2212 12377 1038 12906 14241 11389 14000 2797 9068 11314 2291 13421 9104 5231 84 4549 3420 5079 2136 4772 10423 7792 5438 6447 11948 766 3752 12799 3878 4753 2919 2033 14058 10610 13746 5808 14309 14769 1969 1798 9507 6116 2378 2376 5449 6499 3075 16 10674 3945 4885 5976 6209 11494 2849 10310 1054 12999 4244 11803 5829 7545 7547 10264 7235 3391 1058 5283 8397 2247 6540 4527 4708 9991 2164 13135 13312 11804 4039 12244 6850 3344 14712 14207 14518 11974 8475 7354 1794 8697 1462 3690 9531 13020 10932 11384 8109 6933 4459 4093 12489 11312 14843 2847 3280 10493 7876 5590 5922 9431 14753 7936 13008 1642 3802 9404 3726 3199 12179 14981 3097 525 10214 12884 9961 3498 10358 3854 7348 3799 12843 6559 4365 14012 13539 12635 14168 13721 7960
168 7612 8333 8446 14837 7137 12143 11269 9109 8443 6740 2180 1538 12564 12750 7455 10207 5265 6749 8389 4000 11284 6911 14154 731 9198 2990 2281 14467 2258 5119 14542 4595 12009 560 12889 154 6502 4685 2352 6461 11729 4994 5197 4860 9953 13775 12659 1090 10094 12999 12876 3202 14470 3453 1046 588 1022 10293 329 3966 5520 3076 2853 6537 5562 14196 11036 11915 8180 11999 14474 12321 492 14194 4773 2714 2079 8156 13842 2271 10272 1888 1369 6256 16 12879 7396 4500 3884 1277 2053 11316 9371 12439 11502 9685 8455 3250 6171 2875 3288 4964 1631 9085 7531 4904 3028 627 1512 7378 3171 3625 5756 999 10707 6212 11820 9272 605 1994 9499 3842 6299 995 9937 3911 3295 6594 3725 12924 5914 12621 2850 12565 4257 1306 1822 1540 14751 13144 6816 5789 7943 536 14233 12829 2851 9408 7612 2543 1920 12839 12619 934 4332 13080 10862 11894 5629 2994 2917 6207 1402 6930 7009 343 6239 12444 9773
168 11011 5488 9130 13254 9406 11374 1943 1399 13439 12657 11242 14283 13726 9691 5406 6533 8930 4785 1513 13214 731 2718 13020 6151 3716 8830 2207 4712 9105 11233 14594 1935 14522 7834 10561 6915 14492 4346 13003 14800 5011 11533 9139 11041 8749 13605 4231 12386 8181 8286 3585 7636 7140 11646 6681 5181 8756 1748 11864 9489 9791 5194 3707 4667 9018 12286 6951 13385 6350 6457 9405 8334 7680 14571 5992 12078 12790 7504 363 8944 1472 9874 13185 12399 13378 9953 8544 5515 9867 11426 801 9129 4352 9524 11865 10135 7894 6119 12998 6956 3644 8802 8126 5747 13253 14105 4009 936 4015 9973 4260 8121 5380 5671 704 7835 8089 8715 5108 5936 966 10500 11155 716 2676 11926 7883 4398 11026 13112 11011 2732 2163 5300 5283 3660 14417 7006 10309 2747 86 11904 5724 6433 1200 10603 8092 5220 7191 12216 2454 6771 7377 7353 6810 10477 156 2668 12962 7098 3000 3105 7095 10417 4894 2129 5961 9587 12869
174 5370 2950 5035 6128 13478 8296 2114 12796 5889 12285 4685 13811 10613 6804 5332 3602 1605 13659 12835 13703 8023 5313 371 11981 13816 10755 8923 4834 12550 578 6432 2224 8785 7581 4191 5275 14405 1965 14069 9716 9524 8264 14776 8299 368 13336 4642 13667 14880 6504 3447 3790 10562 996 10157 6962 1527 406 2652 9804 7832 675 3474 8371 5796 12576 3271 11814 5143 11742 1530 10945 736 13692 11067 6288 9592 9869 1878 12399 11464 5257 7415 13850 9584 9935 9113 9640 12829 13141 7983 14352 12498 1 3029 1357 557 196 14521 2441 1741 11606 8570 12743 9396 8312 13460 420 6012 3239 10145 14698 8671 9541 12976 11610 14181 2757 9639 8330 5448 10245 4697 7609 2662 14508 9502 4649 525 1167 11150 14091 13279 7422 7293 5370 8833 13338 8464 4894 10891 14523 8468 9809 1168 1054 1462 9872 5319 13937 11505 7748 5843 3721 7065 10721 12462 2291 13589 3551 10436 4876 4555 12615 11130 4932 9349 4949 5785 12750 4373 12906 2183 11859 12361
174 14191 10839 210 3074 10802 6352 13870 14262 11290 6892 10757 14799 4017 10323 13273 11681 1612 5020 11852 12694 9254 12487 14233 10891 4371 5726 10288 12451 14916 4559 2536 3720 12106 14385 3122 9795 11604 14225 7786 4584 12907 9072 11169 3014 6020 6788 13061 11449 6608 2686 10806 14587 12115 2974 11221 10184 10538 12125 760 7347 2074 1139 171 12955 195 4374 11714 9310 12608 6864 12135 6919 7808 14752 7378 9352 1867 8100 4135 14435 13996 4170 14817 12812 5621 13754 4264 3274 7454 9734 12030 7548 3661 3092 12813 7625 9139 10399 8261 6808 14131 10317 6771 7963 13387 3784 5889 11503 14042 8219 10405 2568 815 11921 938 4063 7552 7733 5277 4536 11071 6720 11141 8506 1742 10343 1738 6373 5839 7073 142 12090 6328 10636 3549 10631 1827 8357 9153 7040 12363 13994 4345 12275 4716 13076 14135 9577 4078 221 7137 2005 606 13322 6403 12325 7843 219 6673 197 10955 11314 2489 8382 11124 14572 9032 11812 14191 6455 13457 9188 4996 3520 5021
182 4359 8041 2591 6485 13695 3221 6512 8281 14401 10880 1480 292 2405 11116 8876 10705 3003 12965 3229 11489 720 5259 12340 3311 14863 3087 13807 5132 6734 3360 13943 11966 9407 794 10627 14450 6817 10532 684 4777 13892 1412 5739 875 6766 5969 7458 10741 9811 12988 10661 9545 6490 85 3391 10990 5649 5799 13729 11308 9909 2678 5694 8875 1313 9522 4299 3337 9391 13607 2330 12438 12463 1715 2839 3132 12224 13236 9959 10063 1265 618 14714 6741 531 11549 14604 14091 11288 1017 282 1427 1675 2898 5141 6744 4359 10351 7117 2840 7912 10184 10644 7547 2087 11546 14412 14078 12979 8677 10246 770 6251 11664 5053 10840 11898 5687 10939 14404 13606 7533 4522 5624 14180 3432 4268 14037 12157 12061 466 14028 12602 5346 2446 9931 1192 13150 1056 4946 11869 1402 8220 769 11228 14288 10240 11002 8393 5859 12559 116 1850 9729 9153 5283 2180 10959 13131 7426 8901 2280 4045 14190 1300 6591 9559 3752 3685 6700 9916 8023 4368 7720 14679 12873 11850 14835 7712 3804 8470 5725 12691
182 10873 13654 1052 8765 6958 3028 5347 2174 112 10475 12329 11234 3029 7293 1572 4034 5493 6737 5570 4620 4718 4112 1258 9902 1071 1666 14445 9410 2704 6534 12493 9429 14109 10427 7021 2780 2792 2619 13013 3010 3960 906 6357 4654 1846 6001 14363 10152 7985 2334 12778 14832 12590 8159 10206 992 14611 7132 7971 6923 496 14442 8678 8456 3345 14873 6597 1022 2402 7706 2185 4984 8427 14041 6448 6843 3544 8666 8927 11064 6112 2665 8369 6429 1300 10262 9276 4086 12065 10613 12479 7578 8899 11964 5691 7610 9020 4062 3998 8837 1668 7680 12368 453 10210 4386 7794 8415 8989 3255 4637 14711 5803 10873 12381 6882 14318 5233 14945 1297 9332 9579 2690 5403 6731 1512 9375 4856 11359 2315 8785 1121 6255 3080 4513 3204 12979 11606 1400 12402 5025 7848 12717 7869 11728 10537 7357 4631 12032 9408 10008 5804 4140 3891 1920 14572 7601 5195 7292 11292 8971 6276 11030 6133 3081 14452 263 6979 1725 14700 6057 4876 6674 7952 11086 9463 11290 12448 2192 11224 13129 5929 4259
182 5574 6521 6640 13015 3229 5729 13776 2427 7813 11789 8404 8055 10860 4536 2939 8493 5438 2023 14926 1295 8755 1763 9935 7411 1543 10826 1723 2787 9121 12335 12007 3516 6245 2718 8854 13393 13070 1006 10331 3191 3364 7370 11337 841 1849 6202 119 90 4097 10024 4155 4982 2626 6095 1370 5574 3192 596 12197 12253 14081 9110 532 14434 13018 5336 7354 9321 6181 342 6125 869 10616 9115 13230 9083 4485 12129 13903 3455 3288 4327 9070 9375 7884 322 5514 2261 4816 13303 2319 8276 7432 9401 10401 1932 6883 14725 12552 7563 9254 1213 8106 14180 6087 11871 10317 6502 8054 1777 13261 3021 12806 11960 12202 9188 7569 9177 14770 14681 13145 4033 1195 4890 13494 5281 4041 1484 872 3551 4489 9307 13683 5783 9099 10684 9116 12235 8539 3393 9746 1660 7745 2092 3322 12900 6510 13726 141 3109 1522 6130 1520 1230 4346 6923 9791 13108 8822 7859 4609 5616 4359 2792 13302 2859 6873 9640 4493 14821 14046 2854 14108 11906 2108 3282 10040 14374 14020 11089 5224 501 14802
182 11905 5941 4188 11905 10404 11162 8552 429 13198 10424 11164 3003 2757 14172 5641 7879 12117 8750 8398 1456 7458 12896 7244 12352 12025 11152 9093 7559 12795 10152 11297 13075 8254 3335 3980 11503 14301 9755 6803 8165 926 8088 0 5162 314 13088 4049 671 9373 1459 14101 9917 11540 2584 9008 2316 216 9329 8891 8623 3890 3543 7808 8744 5636 12010 7614 5624 8521 12618 12362 2444 14785 14958 11197 8129 9611 9788 8268 12196 2331 5752 12541 12414 3783 4726 9992 9100 1810 3551 13614 8518 14434 6061 4232 5331 5268 6381 7613 5420 9998 5734 2352 13505 4683 11536 3242 7293 9029 2488 12442 7936 12015 451 7482 1554 7888 6545 3408 4818 2876 611 3145 11438 9972 2611 12904 3494 13291 13043 1311 2868 11769 11512 2692 7869 719 6046 7807 1534 6509 3629 6376 13069 13002 13863 806 13518 10677 11175 9059 4667 1318 5874 12445 4653 4856 6878 12091 12151 659 9117 7149 12737 11606 11629 9158 12900 14674 3483 5422 11217 3428 12003 9929 12084 1257 5780 11740 390 6838 7445 13780
184 4008 3795 10160 8935 13798 12479 7525 8180 3379 10356 14774 4750 14331 13196 2098 10786 1868 3715 2195 3343 14907 10455 9637 13347 13903 1855 14794 3054 8386 6298 12243 3099 9419 14091 9726 9363 11650 5095 14698 12962 8953 14521 13523 10014 10380 13472 11167 9215 5898 8160 6660 6342 5449 10739 6020 11864 3410 2448 4689 686 13951 9102 2347 7711 2203 6491 11687 8978 12346 9127 11403 13407 5261 4842 3734 8233 6031 5425 10647 2724 4384 4344 5062 295 9755 7456 8176 2395 10051 14356 7128 7535 7127 11995 7815 3540 878 6199 4183 5742 14902 13860 1477 6066 14559 7342 12263 7645 1928 2920 1741 13440 12789 10671 14193 2782 7901 7550 8006 14145 3593 11193 3074 6185 9893 14870 4635 4295 6973 7016 12345 5943 12781 2990 6703 9472 9806 6586 14208 9299 5461 9292 3760 7027 1622 486 13116 12149 5468 1313 4692 4872 12903 1694 3613 3825 4008 14964 5045 8923 8901 7763 3864 14969 4895 8373 6105 7876 7272 1730 9289 9523 8668 336 7537 6932 13005 10852 1618 13543 955 667 13991 8657 8030
186 11956 13003 5094 3965 2297 2351 2916 2810 8231 392 12686 10965 13658 989 11532 6092 4930 6601 7524 5007 9918 10662 5734 8518 2704 4039 4124 863 14240 8242 7966 1131 10289 6760 9210 12837 4655 3618 33 13663 13681 11379 9260 12301 8923 6869 8770 8588 6545 7804 8383 3361 1001 6258 9352 407 3025 11852 12161 10724 490 4265 7746 8960 6758 12072 13524 11173 10196 6868 1774 13817 13516 5446 12374 7868 2485 12547 13451 11783 4695 1086 14024 6314 5480 3443 8094 1278 11936 1817 12244 7824 7412 14985 9083 34 6502 887 13878 4770 668 14906 8252 5892 3422 1049 13800 13556 3050 12688 10770 4470 8194 3541 11582 3413 9823 10730 7794 12257 5302 4020 13764 3917 9964 3065 11015 13090 6455 11546 7300 13766 8802 14070 10508 9682 3481 14532 13868 6998 12003 264 1037 5616 14198 5015 9671 8972 8336 7811 3186 9785 4385 7559 8978 214 11956 1379 6839 1639 10194 8521 12271 2610 8232 13342 11293 9498 9348 1826 14955 13637 1156 13219 6922 6297 3148 11275 6746 915 10588 10329 7179 14834 14728 9887 7876
186 2161 7049 8336 3754 14566 5962 1954 2233 10996 14504 12817 14472 6728 7246 3166 8133 9740 1065 13588 7438 5011 388 13299 13848 7982 8144 12953 3396 1770 13733 8660 3739 8553 288 3609 7725 10200 9976 12088 7267 10539 12375 1017 8881 5587 13402 2161 10524 4036 10324 11365 9065 6798 6493 1383 1215 13350 8176 11619 13801 998 13161 13311 8277 5888 7511 11937 8331 8471 5952 1123 11155 14070 9016 9035 2361 7196 3204 13762 10414 5238 10520 4060 8561 13988 2872 14332 1024 9366 1435 8659 2902 2900 5637 5682 14104 14937 1458 9800 3155 500 12321 3188 3903 2268 8149 6675 6065 10757 6492 13286 9375 3772 1279 11188 2896 10067 8870 7799 1519 13979 1212 2586 11985 13141 2265 3191 8461 14236 11173 4733 5060 11025 1495 13998 13398 5966 10948 1730 5876 3966 12166 922 7677 3828 101 5484 6353 13287 11892 1762 7250 3648 5602 6965 14881 8835 1150 3039 7629 4282 4335 5051 14368 4986 14850 5239 9889 5243 3913 9610 14190 5087 109 12377 6221 11276 11498 3892 7975 10039 3203 13508 9802 3372 7448 8044
188 5536 3594 539 14641 6821 7184 5358 7035 6302 10571 8595 2343 385 14990 10761 9563 13845 13693 5103 13709 5348 5027 3153 7611 8155 6221 1479 1969 7621 5870 10544 1497 12403 13124 3936 9112 12566 9805 6582 1934 3770 10121 2233 11516 12184 9467 3880 1275 9339 2579 4058 14488 14328 12688 9483 7140 9545 3382 14007 6460 8931 14198 1984 3002 3763 2981 9484 8847 3481 8079 3571 12443 14460 4781 2527 7519 5373 14939 12734 2243 9488 9391 3914 14279 141 11866 410 13210 13206 8996 9497 625 14605 3031 10907 4959 12427 7272 1898 2144 8566 10425 6612 5747 548 11185 10361 14792 10097 12588 14618 11278 5191 7970 3056 3468 14399 10870 8463 2449 7746 5536 2171 8603 3822 4278 14700 1650 685 2456 12132 13648 9725 2611 8082 11002 1527 5243 9575 1676 3839 11275 4811 5330 5761 12799 5750 3094 8030 5186 1125 2695 3956 2974 2839 1635 4989 3240 2880 2337 2021 8333 9709 4055 7264 386 11789 6118 3971 10712 4412 3631 6354 2172 8577 14049 5419 13622 12633 10110 3532 7085 8756 245 973 8373 8818 3970 12626
190 4233 14259 1659 11774 12204 14765 7828 5475 12700 410 3832 7190 7826 9589 3513 10957 4487 1930 7778 10018 12309 11068 12979 6132 9207 11177 7876 770 4427 2115 8309 14544 9279 10213 14584 516 2151 299 10855 9541 10576 3118 948 3026 1234 6585 1201 10721 7370 10238 8136 12607 4233 8756 3754 3448 2387 12480 6691 14783 7844 6211 14288 913 12837 3463 10155 7584 2978 13735 7524 5535 921 11503 14554 6311 7969 8994 5184 13770 9425 2608 7952 10449 11256 10905 633 782 2732 13107 763 340 6025 12177 12180 13802 1699 11475 5532 9062 4383 14430 13412 14998 5789 3324 4820 11981 12976 13432 928 1940 13817 1288 275 14706 4706 14624 85 12718 11639 5121 2361 3042 7723 9209 10625 11199 8820 6076 10814 9710 168 11923 6988 14637 12872 4344 8270 3528 13929 14054 3868 13301 11851 8159 9319 4460 11713 2728 12934 5357 6758 10806 13701 853 531 14964 620 2716 2073 4889 4443 3586 12692 1497 1478 7984 11544 10051 6170 12200 5377 7448 14694 6122 8886 4219 5091 1735 1540 13983 12464 14162 13184 14817 13585 1612 4043 2858 2741
196 8091 8691 12998 1528 9022 14514 6169 2631 3287 683 13440 11304 13672 13390 5192 201 6969 12430 2678 917 3522 11545 13363 942 12909 7954 6700 12551 10293 5506 7454 4954 1695 7844 10590 6787 551 293 10900 5789 10581 14625 1262 14185 7344 12403 6318 7245 13203 6654 14302 7743 14170 14388 8091 7051 14738 4666 11115 1979 13279 12139 13155 12879 9640 7223 4072 6970 14943 11732 3044 3887 11268 7489 7974 11718 133 14973 12474 14530 5209 8693 1527 13609 832 12689 13281 10684 230 14733 1858 4530 11297 5638 13292 3932 8361 4704 7829 2221 989 5470 6989 7028 10548 13495 7525 10393 6897 2121 6321 880 6988 3246 10467 863 3657 11357 508 8359 3815 2473 4705 12060 9018 6484 6389 12412 13277 13392 3156 8611 3725 2308 11674 4345 11478 14212 419 10361 788 9251 8454 2024 362 10421 27 5840 3977 12464 6554 8116 10520 4452 6497 1027 7416 14188 7876 3123 1280 11253 7916 695 910 14820 12815 12552 5704 14944 2621 2210 13883 13452 1991 7255 12721 9279 3021 14020 6930 5553 9726 11461 7890 7668 6254 6807 10796 11628 5749 10688 12544 14536 2998 13684 6797
198 9228 12239 9280 12924 6055 9720 14667 12901 655 9228 14687 7953 4956 11003 1169 14758 10300 167 2398 6856 6548 3034 1138 3651 14621 12814 13493 13283 11555 9362 14001 11703 2661 9717 12937 4940 1206 933 875 4707 10469 7348 1872 11000 4787 8851 10437 2457 6953 4513 11544 3643 13383 5881 8228 5849 12044 957 10644 1971 3505 2041 10460 9925 4613 5264 13424 5930 8172 10973 9569 4583 2538 3885 4331 11804 3549 11573 3336 4530 14561 211 13768 14513 11832 483 3553 12962 4910 14284 5637 7874 9057 7304 928 14235 4428 7949 13244 2875 3659 2579 8662 13051 8447 14528 11013 8101 9605 14232 9738 1181 963 13218 1858 14245 7403 13787 1150 12135 3839 3564 6574 10010 2384 13629 3393 1753 5652 11264 9382 8963 12503 5567 1843 14696 472 6390 2014 2600 1613 7424 7288 1046 2370 10927 1301 9630 10989 7349 1314 13588 11795 12491 1918 9082 7654 7099 13836 4880 14603 1576 4793 5179 2805 2584 6599 3202 7864 14246 13511 9920 10627 11287 4480 7985 6279 12680 2898 8885 4962 11368 14507 12838 2022 9674 3841 3801 8762 1116 13371 9918 7666 12168 12915 8598 8464 11231 3837
198 12407 5234 7873 13642 5404 7510 3441 5003 5655 8439 3018 7153 10912 9279 9680 5596 10221 7479 137 11028 7002 11369 7036 14439 11232 2162 9486 4066 14369 9612 14343 4177 10049 13553 9296 9274 5849 10620 6423 3897 3185 3397 13173 11228 13443 5573 10654 8100 11363 14562 7911 14368 3170 13960 7918 5500 6896 4994 9719 2137 7676 14442 7215 14323 12674 10866 383 9323 11175 6991 12116 417 815 3734 3971 8292 11567 6529 9036 13010 3214 5073 1503 3081 6681 661 3642 10458 12139 11737 12407 5171 9413 9494 13216 6299 2759 1914 11680 9063 1531 13474 11981 9617 9735 8521 1329 9255 10993 6612 3118 1551 5455 12208 11562 11801 4959 13472 13860 9831 11424 4137 10790 12808 2512 7208 3323 8380 11838 6634 14545 7331 7919 13399 2051 11373 593 8767 9694 10711 9066 4761 7474 11929 14494 12104 9764 12097 6838 14332 4516 7441 9977 3188 10605 11576 8788 8901 8694 14897 7600 7566 8267 9209 595 7295 3542 7159 11791 2993 2450 4246 7588 13643 12607 6736 2990 9799 7281 7144 13933 10357 6947 2741 13677 12174 7967 9643 9042 4107 2716 4902 13460 709 11780 9178 8794 4453 11550
202 4084 1359 3827 5714 1340 4471 10608 13170 13697 1015 2400 3307 12560 1329 2365 10513 7707 6852 4636 8932 10718 10967 13916 14441 4365 11489 6582 4534 820 6486 9668 12403 6441 75 5993 11636 8491 12315 13555 7972 14903 14474 9386 7912 1510 13880 11009 12659 11482 4928 12077 12239 6937 14297 955 393 211 10344 10783 11844 646 5988 8360 4719 9455 4432 4783 4100 1981 10518 2360 12636 9795 5009 9063 658 14796 14038 10560 7859 2527 3974 8990 6 6965 4856 5068 2528 7516 12672 1959 10249 4894 12396 10292 8713 7303 3454 1750 11900 4156 1474 976 9603 9629 12665 585 7206 4859 40 6063 4684 1840 8609 10698 5869 13917 12956 8313 4315 2884 13064 1317 10622 12648 4073 6029 13912 5197 4195 2190 14634 4645 9487 10357 1653 9576 2117 12887 1404 1365 14998 1777 11518 13721 6321 10885 11004 5278 8567 4279 13554 10960 13406 3994 11282 3811 13752 13494 5471 10974 1837 2196 2367 1318 14592 11544 9073 12130 12694 3808 7626 8241 5426 14662 12330 9712 7538 12410 12423 4218 5332 14742 4627 11987 11973 2816 10882 9113 10033 6559 11037 3420 2384 12488 11637 4084 4159 12291 3044 8738 238 9420
202 2380 11512 3032 1802 12861 7056 6180 7537 10772 10689 10582 13903 10238 243 6909 2380 10467 5368 10516 8814 1750 10933 10851 5660 6387 1960 10746 10295 12709 10392 13924 4228 2469 8621 4899 10748 2717 2946 180 6027 6720 11207 14352 4583 1835 3200 2237 6207 14922 856 893 2179 8605 1644 2510 14918 8031 13829 1478 10924 2591 7767 11551 3849 888 4826 347 2047 10862 1223 7049 13021 4246 9182 13386 10064 4683 4250 13016 14966 14250 3245 12186 12768 11546 903 2914 3994 7067 4304 14155 2562 8647 11302 12618 833 4030 74 14786 12080 1870 11435 8663 13368 14216 8045 6950 11459 5665 1790 12969 7149 14289 11763 2991 6220 8973 11529 10273 4995 2370 3606 172 5108 14984 3748 1579 13911 381 522 457 1947 2294 383 8652 5313 12106 12304 12713 3901 6319 13138 12641 11851 14410 5651 3470 11930 12216 1221 3809 10738 7793 7913 5293 208 4208 7350 4800 13379 13687 6827 1155 14392 7248 4867 8787 8043 3986 13245 1229 12509 6379 14877 14395 14496 521 9069 2861 3946 4407 3230 8742 13185 10381 11927 10011 9997 10539 1583 11914 13672 10703 8227 7546 8817 12275 3575 11835 10808 10770 4757 7050
204 368 2903 4418 11585 4246 14655 4075 13102 14970 5174 2473 1535 10576 11649 4367 6414 3035 12801 4101 6530 5328 8077 6076 9421 8027 6780 4877 7122 8365 10754 6044 9854 7692 11671 9184 12254 10315 6961 6336 6346 7408 959 3585 12450 4931 6058 14373 5543 14896 12326 14151 6760 2763 6843 5412 5618 4131 454 415 3515 1455 2745 1011 3616 1666 11468 12127 14798 2951 11393 4751 9926 9749 860 10892 6293 14105 9020 8755 3574 13643 13027 8045 7450 1691 992 9404 3641 13259 14826 4939 10863 10087 6575 12912 11860 368 618 11031 1705 3004 11619 4935 2873 12347 8628 12392 12115 10014 3396 10670 10990 6786 12052 3826 10086 6977 4617 14197 1542 13854 1875 3685 820 312 13878 10960 1944 6557 926 14703 11695 11314 2467 9343 8523 5308 10736 12365 4719 7626 7191 4251 8131 6628 1987 14486 9102 6979 102 10066 14408 14534 2308 11344 13901 3192 12736 2601 12156 11906 9991 5035 741 6066 5566 1144 8835 11195 2173 3547 14630 12381 3057 14693 11950 14814 7859 11058 6880 8825 5530 4062 14807 2026 13702 7546 4445 4968 11404 10279 4546 5564 10878 2046 6735 7368 2095 5563 2268 4160 11963 12884 9057 985
206 3851 5209 5629 13870 674 2540 2822 8386 6458 2048 7222 400 8143 212 11324 81 7914 5182 11250 5387 9140 4614 6427 9578 5315 2071 4904 13267 5904 2970 1946 9459 10687 9339 5811 12737 11129 4475 8806 10663 12242 10109 12198 4981 86 10038 14323 2263 3288 14089 965 14708 3933 14645 975 5933 2311 420 3566 11608 7817 13213 9850 13388 5877 8555 5624 5321 4328 6222 8564 949 11955 11384 13805 1198 3282 2597 11904 11861 14698 4845 1341 1585 2762 12765 5104 10518 14252 313 1106 12832 7513 4173 1916 11892 10220 559 3164 13906 3302 3808 7977 2602 8614 4973 13346 10340 7850 793 11941 496 1837 10668 5439 8749 4630 4526 9411 11714 4903 3615 13834 8266 1569 11356 1160 11543 4483 4340 8533 3242 14186 6707 3053 1623 11823 7808 4245 12566 4087 1870 2305 2661 5281 5261 9336 12739 7021 14467 9475 2047 11746 476 6350 10883 5905 3940 13964 7061 9162 2740 3293 6524 12650 272 9467 1882 1327 10806 3152 4944 2903 5240 3409 4217 6981 639 9008 13602 8421 14064 4669 7601 1614 5367 10729 11978 7506 5211 14182 12329 3802 4789 8696 6262 9637 14029 3851 14766 959 7003 4846 7976 8830 4365 6329
210 2947 13002 14643 10964 8428 2964 11860 4547 10939 7414 852 13189 12220 3329 7484 4077 13594 14960 10951 7931 6330 4248 2683 9331 5856 12604 5097 9078 4223 6954 5620 2947 8730 3225 14867 9148 9705 10264 11534 10638 4016 1501 5375 10817 5385 14479 4985 1821 9320 7578 13878 7916 7051 6720 3302 11935 12672 6176 1859 11029 12713 12536 14947 9712 11253 5960 3629 4701 7384 4086 7093 9415 2685 2922 1645 3532 11788 9893 7445 9064 1091 7769 13186 5794 10390 9808 6722 6316 12494 784 1905 887 5384 4786 10460 9077 1792 4103 9867 2089 14392 1918 328 1534 13931 3378 2609 2099 4928 4707 9137 14889 9414 2401 6297 1621 315 5696 2807 8798 3047 10539 9543 487 7632 13689 3685 2058 4458 4020 11161 10604 13056 895 8187 1494 14279 6912 10441 10323 11046 9492 1013 4069 5518 2346 12468 14209 3782 3621 757 774 12050 11182 14535 11762 8882 7587 564 7235 8453 12643 2097 5072 9140 6709 3366 6081 6091 1973 14035 13363 2629 11868 1390 2127 5260 14785 8864 3144 14149 6215 6918 5061 7043 11999 1709 11800 4229 1218 14957 7056 9793 2676 2146 11292 3467 9294 9749 8999 9813 10522 9339 12793 12510 11807 3426 2860 5019 2998 11966
210 11305 1277 10069 12890 11857 1990 12071 21 10572 9758 2543 9937 8616 3324 12945 8665 1030 9889 2313 13222 4287 11305 10928 4787 11481 13493 7729 8447 8673 8352 2980 4336 9365 10996 3870 3812 11914 4328 181 14608 2118 8544 8276 14400 3936 9255 3636 932 13547 2085 7623 2196 4616 7012 14042 7019 2132 11496 13777 7069 14065 12000 2704 14046 8558 14067 3255 12434 13641 7671 6247 12592 13322 13244 12885 13131 7072 7036 7588 7032 4760 355 5339 6601 1750 12091 3195 2953 9378 10208 837 6803 7285 7620 6624 9265 1966 10690 4842 2899 11164 7426 11256 5100 13876 5216 2877 6898 11833 48 13390 2115 7498 8252 1149 8038 14081 602 12460 3645 10840 10492 9092 264 2348 1976 3744 1332 6209 11274 11452 14828 10144 9491 14652 8596 5462 9231 2887 8239 4351 5589 4491 13499 9206 4092 919 10991 12452 1074 2830 8774 9630 7695 12186 7109 1062 3333 12398 219 1853 2949 8593 2412 9966 2698 13595 12368 9421 6306 12695 255 3891 3720 11067 11934 1741 13541 11057 5633 1300 13983 6604 1919 14760 37 12674 1614 6484 14346 5807 1798 10058 475 13665 1521 6076 10368 14312 12045 864 7718 9405 13309 7511 4590 3446 838 5323 354 5454
