int 10 inorder 60 12 42 34 13 15 80 53 81 9
int 11 preorder 61 56 89 1 51 17 56 52 26 62 14
int 12 inorder 71 81 50 7 69 78 95 1 42 45 76 95
int 12 inorder 11 27 68 67 57 95 37 40 26 84 34 14
int 13 inorder 6 98 77 17 43 16 29 97 90 5 14 96 58
int 16 inorder 56 23 13 48 92 36 40 30 11 73 99 38 24 28 29 36
int 17 inorder 61 55 55 28 89 2 79 1 66 63 70 98 28 39 44 64 28
int 17 preorder 96 91 54 30 46 38 50 71 97 24 34 41 71 35 12 5 51
int 18 postorder 1 1 21 87 54 82 3 55 15 51 52 50 96 57 74 22 14 62
int 19 preorder 95 31 22 29 82 14 62 75 3 48 67 66 11 6 47 53 34 13 56
int 20 postorder 31 53 57 52 86 81 91 9 47 41 19 89 95 72 18 70 67 59 43 98
int 20 inorder 72 86 74 49 98 35 33 57 28 15 30 99 90 81 66 20 12 56 35 37
int 22 inorder 37 77 78 82 63 70 69 24 51 94 68 88 33 82 29 96 22 78 29 7 9 55
int 27 preorder 74 7 13 7 15 3 99 17 48 49 87 88 58 91 65 79 57 81 18 28 82 71 97 2 36 11 52
int 28 inorder 91 66 41 60 7 20 4 11 15 10 91 91 28 81 56 61 92 27 8 58 42 95 4 35 90 70 42 79
int 29 inorder 6 63 8 12 9 59 91 28 46 30 65 30 21 64 32 5 66 33 49 12 44 70 27 88 86 95 58 10 23
int 30 postorder 9 34 72 39 72 58 38 34 49 67 96 79 84 19 42 5 35 45 37 35 52 86 29 46 73 86 46 6 28 16
int 30 postorder 9 27 79 66 55 48 44 86 35 39 12 54 33 72 18 63 51 17 92 40 9 87 18 37 72 94 67 40 23 29
int 30 inorder 93 62 56 10 91 71 53 46 27 17 16 51 76 30 36 72 59 93 5 36 47 28 15 7 40 66 59 15 96 63
int 31 postorder 63 57 39 58 49 15 18 93 98 48 42 87 82 9 90 59 57 86 95 77 74 83 16 98 63 43 95 41 85 17 29
int 32 preorder 11 22 7 50 56 94 49 81 64 75 2 94 18 43 28 60 20 83 29 19 74 46 69 17 89 14 64 97 28 26 77 69
int 32 preorder 52 21 67 40 2 68 88 26 24 77 45 99 50 4 43 2 73 1 87 99 18 99 74 32 14 88 90 86 19 63 44 85
int 34 preorder 34 85 21 34 21 80 64 32 95 59 40 12 91 6 80 57 9 94 91 75 26 46 80 9 97 67 28 14 87 78 8 80 53 61
int 34 postorder 45 26 6 82 6 29 83 98 77 11 45 98 1 66 7 64 51 20 47 31 58 42 94 59 29 13 57 73 61 18 60 4 76 25
int 35 postorder 46 66 42 59 58 27 35 82 76 10 25 50 94 23 41 38 4 18 19 14 60 20 87 92 26 45 75 59 51 58 22 18 18 33 57
int 36 inorder 22 19 94 19 63 38 31 98 36 15 29 90 43 52 91 64 82 8 8 45 65 81 24 80 8 94 19 35 48 71 69 30 93 7 98 74
int 37 postorder 31 27 42 3 21 79 20 36 63 92 47 52 47 53 37 87 18 69 38 11 77 34 4 74 34 69 38 5 5 13 1 60 97 86 55 82 82
int 38 postorder 17 38 86 10 82 27 2 69 46 1 40 7 64 5 33 26 75 4 40 79 48 30 71 53 6 97 72 97 31 2 72 18 73 49 53 47 72 74
int 39 inorder 62 76 74 18 87 51 70 87 6 19 19 34 98 94 63 35 60 40 23 73 32 35 21 54 13 88 74 97 51 94 47 56 94 50 31 2 38 51 7
bool 40 inorder 1 0 0 1 1 1 1 1 1 1 0 0 1 0 1 1 1 0 0 0 1 0 0 0 0 1 1 1 0 1 0 0 1 0 0 0 1 1 0 0
double 41 preorder 5.05 6.06 6.64 5.51 2.41 5.93 3.96 9.41 0.81 3.22 6.48 7.7 3.79 2.28 8.9 2.15 8.19 9.53 9.92 6.84 3.28 6.97 3.09 2.59 8.92 5.91 0.49 1.54 4.92 8.74 2.04 4.71 2.31 3.83 4.84 7.48 6.37 3.53 4.66 1.57 8.03
int 41 preorder 82 63 35 43 87 30 11 84 49 40 12 35 52 88 40 5 10 49 84 19 3 35 67 42 86 89 61 70 59 58 22 82 48 23 71 46 26 74 2 48 23
int 42 postorder 84 7 43 15 65 63 55 88 7 57 30 86 42 51 50 50 28 93 70 54 22 76 6 96 97 57 66 99 81 14 96 45 98 50 85 56 36 40 98 26 63 13
char 42 postorder p k c i p t m t m r m k d g r b p q c c k e l h t o i f d e k m d l n j j m p n d t
double 43 preorder 0.82 9.22 9.95 3.23 3.36 5.23 6.49 6.86 6.59 2.86 3.8 3.64 4.56 0.16 9.68 2.14 1.31 8.46 0.87 0.1 8.32 7.98 0.86 5.26 7.14 3.02 2.73 9.74 4.31 7.08 8.02 0.83 7.18 6.28 0.11 3.96 1.89 5.37 9.78 9.84 4.74 2.52 1.05
double 45 inorder 2.05 1.76 5.62 2.61 3.1 3.91 1.38 3.46 2.33 5.4 2.11 3.05 1.11 6.35 0.3 8.37 9.34 8.91 3.06 0.11 8.2 1.12 4.6 2 9.29 4.69 7.1 5.39 5.88 0.78 6 6.7 5.07 5.86 8.31 9.96 2.79 2.26 6.57 7.88 9.21 4.73 7.38 9.68 5.56
bool 46 postorder 1 1 0 0 0 0 1 0 1 1 1 0 0 1 0 0 1 0 0 0 0 1 1 0 1 0 1 0 1 0 0 0 1 0 1 0 0 1 1 0 0 0 0 0 0 1
int 47 postorder 15 88 2 6 31 15 97 95 97 46 93 46 71 68 16 98 32 25 18 97 65 45 38 61 45 33 37 98 54 31 57 55 70 88 68 98 50 87 10 5 83 49 62 56 13 21 48
bool 48 preorder 0 0 1 0 0 1 0 1 0 0 1 1 0 0 1 0 0 1 0 1 1 1 1 1 0 1 0 1 1 0 1 0 1 1 1 1 1 0 0 1 1 0 1 1 1 0 0 1
bool 48 postorder 0 0 1 0 1 0 1 1 0 0 1 1 0 1 1 1 0 0 1 0 0 0 1 1 0 0 1 1 1 0 1 0 1 1 1 0 0 1 1 0 1 0 1 1 1 1 1 0
int 48 preorder 5 89 27 85 84 3 55 56 89 95 63 59 10 91 69 53 11 29 36 83 22 68 6 70 83 69 45 80 17 21 9 15 14 2 10 82 66 9 30 50 55 7 11 99 79 48 44 72
int 49 preorder 68 72 60 9 42 47 87 2 51 94 36 55 89 38 20 2 59 34 80 22 9 99 95 74 41 53 47 68 28 80 93 31 18 25 51 11 8 34 85 31 33 93 31 89 40 80 13 36 47
int 49 postorder 3 45 6 90 66 42 51 14 93 27 17 97 56 18 80 65 26 58 92 6 50 65 99 98 11 71 5 82 11 13 61 22 13 84 74 83 89 89 17 99 62 99 54 58 66 84 55 27 99
char 50 postorder h c l r o c p p r d b s f h b h c t q f r t e d p s k f c o f a e c r h m g r p p b b p b s t o o p
bool 50 preorder 1 0 1 0 0 1 0 1 1 0 0 1 0 1 1 1 1 1 1 1 1 0 1 0 1 0 0 0 0 1 0 0 0 1 1 0 1 0 0 1 1 1 1 0 0 1 1 0 1 1
char 52 preorder p g f d b g t h n a b q e n m f j k c k l k b r n c i j e a d r t j n p b i k e k h i m p f h b a q r l
double 53 preorder 1.42 7.08 5.48 5.63 9.67 7.25 7.05 1.64 6.63 0.29 3.64 6.86 6.05 2.85 5.6 7.2 5.29 3.65 1.42 4.76 8.69 6.56 0.05 9.26 7.23 0.12 7.86 4.4 1.54 8.24 7.98 5.94 5.23 1.1 5.33 0.47 2.81 7.95 8.96 7.95 2.68 2.38 2.9 8.64 3.79 7.52 8.43 4.75 1.55 4.52 8.2 7.91 3.62
bool 53 postorder 0 0 1 1 1 0 1 0 1 1 0 1 0 0 1 0 0 1 1 0 1 0 0 1 0 0 1 0 1 0 0 1 1 1 1 0 1 1 1 0 1 1 1 0 0 0 1 1 0 0 1 0 0
int 53 preorder 57 74 41 3 6 34 69 43 68 38 86 70 75 59 3 58 38 40 64 44 65 77 23 21 58 15 77 11 74 26 68 79 42 65 35 68 68 61 65 53 50 22 86 58 7 76 7 50 85 92 15 75 18
bool 54 postorder 0 1 1 1 1 0 0 1 1 0 0 1 1 0 0 1 1 1 1 0 0 1 0 1 0 0 0 1 1 1 1 0 0 0 1 0 0 1 1 0 0 1 1 1 0 0 1 1 0 0 0 1 1 1
double 55 preorder 8.48 2.44 5.96 6.26 2.1 4.31 1.62 5.59 4.21 0.49 8.84 1.82 9.88 9.28 7.68 0.38 0.7 0.88 0.35 9.43 4.66 1.05 2.22 6.85 0.58 9.37 6.15 3.22 9.73 0.27 0.57 6.14 7.66 1.52 9.96 3.96 9.88 7.31 9.55 2.34 2.68 9.49 5.36 0.95 0.65 7.28 3.5 8.6 2.65 7.45 4.15 5.19 8 2.96 0.07
int 56 postorder 85 6 93 68 15 89 72 29 77 27 89 97 70 71 19 66 14 54 28 83 27 74 47 90 20 9 62 2 88 28 32 30 7 9 20 57 93 58 43 5 25 98 74 95 63 64 2 6 64 9 71 12 72 3 63 88
double 57 preorder 9.68 3.87 2.33 6.69 7.61 1.21 2.36 8.06 8.63 7.26 1.85 2.43 9.6 0.92 5.57 8.55 7.35 5.17 7.93 7.82 3.59 7.81 7.5 7.12 1.53 2.4 1.89 3.12 3.17 2.16 8.66 6.44 4.32 6.96 5.92 3.21 3.98 1.31 2.17 8.87 4.82 6.36 9.5 5.42 7.22 0.83 3.41 5.06 9.98 5.01 9.11 2.14 2.7 4.86 2.56 3.97 7.94
bool 62 preorder 0 0 1 1 1 1 1 1 1 0 1 0 1 1 0 0 1 1 0 1 1 1 1 1 0 0 1 0 0 0 1 0 1 0 0 1 1 0 1 1 1 1 0 1 1 0 1 1 0 0 1 0 1 1 0 1 0 1 0 0 1 0
char 63 inorder a t t p s o e k s l h m r r d k p o d c h m n d o p l m f i p q s b r i a e k a e f b i l r e j t r m h d b m s q p d c f g q
int 63 postorder 55 65 86 89 13 74 73 65 47 73 96 34 78 48 52 41 89 44 90 43 27 94 69 35 46 70 26 37 9 92 39 95 2 12 63 19 85 14 18 74 11 62 62 77 66 11 35 4 75 28 79 99 88 49 81 86 3 78 96 83 97 55 68
char 68 preorder f p o g d l a s m r f j r a d n c f o m f b q c g j k m p s n e o n n e f o b t c s d d r t a a h r r j s q c q n c t m h q o e m o f p
bool 69 inorder 0 0 1 0 1 1 0 0 0 0 1 1 1 1 0 1 1 0 0 1 1 0 1 1 1 1 1 0 1 0 1 0 0 1 1 0 1 0 1 0 1 1 1 0 1 0 1 1 0 1 1 1 0 0 0 1 1 1 0 0 1 0 1 1 0 0 1 1 0
char 70 preorder c d m l j f t j k q m b n j q i j e g l g c f g p r t s s q c q m g l g r d p f f c o c m s n a p g m b k e k f g j h d l c t n i t d g a m
double 71 postorder 7.75 5.61 5.87 6.39 9.23 2.84 4.19 4.62 8.77 0.45 8.78 8.78 0.32 2.58 9.55 4.8 1.27 5.12 7.33 0.42 9 0.66 8.69 1.76 4.9 9.79 7.63 2.9 7.46 0.65 6.44 4.79 7.57 0.95 5.03 3.62 2.31 6.9 7.79 1.51 4.92 4.05 9.91 4.04 5.39 2.44 9.54 7.95 2.57 4.36 1.21 7.88 1.9 3.84 7.46 0.35 7.42 1.62 6.99 6.13 8.78 4.58 1.08 2.98 8.37 0.65 1.76 2.61 0.55 3.34 1.29
int 71 inorder 72 99 29 59 10 28 97 70 33 96 45 74 18 33 46 84 14 71 8 97 2 14 92 29 46 83 23 39 73 18 83 67 75 99 90 23 72 51 84 97 18 57 81 82 98 10 44 4 72 92 16 22 83 54 79 75 26 38 1 82 47 49 59 29 3 10 77 91 95 26 65
double 73 postorder 6.48 3.98 3.15 4.13 3.04 4.8 4.01 0.44 5.22 8 3.14 0.72 8.07 0.46 9.06 1.8 9.52 6.29 3.24 4.76 3.76 2.81 7.3 3.62 2.08 5.78 5.19 8.71 7.8 4.27 1.74 0.75 4.18 6.8 4.63 1.77 9.76 0.18 5.82 1.65 6.53 7.79 4.95 8.68 8.42 9.52 2.56 6.12 5.54 4.5 4.53 5.58 3.35 2.72 8.09 8.23 0.72 6.29 8.01 0.74 6.38 5.31 9.37 3.32 8.34 6.61 8.95 2.34 4.85 7.85 8.08 1.79 5.33
double 73 postorder 1.25 8.1 9.92 6.17 4.76 5.17 7.34 6.56 4.72 2.32 5.86 3.15 8.41 7.58 4.05 4.32 8.93 8.85 7.66 9.81 3.9 7.5 1.42 6.25 2.72 4.47 0.92 0.98 6.8 6.98 6.12 9.12 5.29 3.67 7.99 5.62 5.17 0.35 5.02 4.76 7.74 6.78 7.76 3.77 9.78 4.09 5.76 0.52 1.76 1.39 4.4 9.54 5.07 8.54 5.17 3.48 8.33 6.83 5.76 9.11 1.91 8.39 3.84 4.21 7.85 4.8 1.42 8.76 4.14 8.92 1.22 1.27 4.2
char 76 postorder o t f g q r f g q g f l q p g t k h m n q t h e k m d c b l t d b j q m d n a b m b m a r n a g m i q a i l q e c g g n i d a f r f c r i i a h s k s i
bool 76 preorder 0 1 0 1 1 0 0 0 0 1 1 0 0 1 1 1 0 1 0 1 0 0 1 0 1 1 0 1 0 1 0 0 0 1 0 1 1 0 1 1 1 1 1 0 1 0 0 0 0 0 0 1 1 0 1 1 1 1 0 1 1 1 0 1 1 1 1 1 0 1 1 1 1 1 0 0
char 77 preorder m n l j i a e h m e b m d j s f a p t o t g g c t k j j q s r e k s t s c c s o n f h f c p q n i l f l r p k g g p p k p d c m e p f l s e h b q a k d t
int 78 postorder 23 5 71 72 96 28 75 25 97 97 2 16 13 92 51 17 52 39 1 84 3 18 36 38 1 70 50 55 99 81 38 54 46 18 84 59 40 65 20 47 74 37 46 14 97 18 51 82 32 59 64 79 58 43 8 21 93 72 81 77 78 70 2 36 50 71 12 99 59 22 95 27 6 57 43 31 1 3
double 80 preorder 0.93 0.76 2.44 2.52 0.35 8.03 5.93 3.72 3.78 9.42 5.13 1.13 3.43 1.9 5.69 5.17 3.37 7.96 2.88 9.46 1.19 2.89 8.36 5.65 5.22 0.3 8.3 0.57 4.37 8.69 8.73 6.28 6.78 7.75 4.76 0.61 3.57 6.45 1.34 5.27 0.66 2.13 9.51 7.82 3.08 8.87 2.45 2.64 6.57 2.34 6.37 4.93 5.12 9.72 1.76 6.45 1.86 2.1 9.21 4.34 1.19 2 1.29 0.54 5.92 0.53 7.76 1.42 4.28 7.37 6.87 2.11 9.4 2.19 8.97 9.93 1.39 7.79 3.95 5.32
bool 81 inorder 1 0 1 0 0 1 0 1 0 1 0 1 0 1 1 0 1 0 0 0 0 0 1 1 0 0 0 1 0 0 0 1 1 1 1 0 0 0 1 1 0 1 0 1 1 0 0 1 0 1 1 0 1 1 0 1 1 0 0 0 0 0 1 1 0 1 0 1 1 1 1 0 0 1 0 0 0 0 1 1 1
double 82 preorder 1.41 3.36 5.08 7.47 6.36 0.94 3.15 0.93 7.06 4.86 1.97 3.97 6.32 7.5 8.07 3.24 1.92 5.92 6.09 1.53 2.47 2.4 1.9 0.56 4.54 0.09 2.79 6.08 5.78 8.67 5.54 6.79 2.51 1.36 2.77 2.99 7.42 2.86 4.47 7.6 1.09 8.43 3.93 8.31 4.11 2.62 8.43 2.53 9.4 9.79 7.49 9.3 2.14 9.8 1.19 4.55 1.98 4.56 5.56 3.88 9.6 2.86 4.71 1.74 0.3 1.25 5.21 6.52 3.74 7.43 4.93 4.98 3 8.51 0.14 9.75 4.71 5.25 0.97 4.21 4.29 7.18
double 83 preorder 3.92 0.68 9.06 4.73 9.59 3.36 6.53 3.77 9.04 2.43 1.25 9.08 3.96 1.9 2.02 7.06 6.36 3.23 2.99 5.1 4.3 6.19 0.27 6.71 2.15 0.99 1.76 2.8 6.9 5.11 7.77 2.92 9.86 8.06 4.4 5.17 4.67 9.79 6.37 4.32 6.41 9.17 9.88 7.81 6.68 4.98 7.89 0.09 0.47 2.37 3.75 4.28 7.06 2.98 2.95 8.6 3.48 5.37 6.87 3.54 2.13 8.78 3.29 7.45 6.87 5.72 8.37 3.55 5.68 9.68 7.37 4.37 7.72 8.48 0.5 0.57 1.59 6.81 4.67 9.19 0.89 8.01 6.01
double 85 preorder 8.74 5.11 1.83 8.26 3.83 8.99 0.3 2.3 5.41 8.86 5.22 9.43 8.19 1.68 9.23 4.46 1.62 6.97 4.77 7.95 6.27 1.15 5.71 1.28 3.32 6.55 1.73 2.32 2.05 2.35 6.24 0.8 7.96 5.03 3.71 4.92 2.13 8.9 3.79 6.54 3.14 1.78 4.52 0.65 5.21 4.22 2.86 6.12 8.2 4.91 3.83 4.24 5.75 1.73 0.27 9.83 7.06 0.54 6.74 6.56 4.04 0.78 3.44 2.27 1.83 9.96 2.93 9.41 6.65 1.25 1.46 7.85 8.83 5.69 4.53 7.14 5.25 2.49 4 5.68 6.97 4.22 8.91 8.3 7.18
double 87 postorder 5.34 1.86 0.31 9.68 4.46 6.27 8.11 7.23 0.46 6.03 7.9 4.32 8.02 7.9 7.02 8.24 5.71 3.8 9.52 6.82 9.75 3.16 7.14 0.63 0.12 5.72 9.67 2.04 1.99 6.46 8.45 9.87 8.25 9.84 7.25 2.77 4.76 2.48 9.89 8.35 9.47 4.9 2.85 4.8 5.29 5.44 9.02 7.44 6.94 5.86 5.03 3.43 1.42 4.72 9.7 7.06 8.67 6.24 3.82 7.66 8.14 3.96 8.25 2.14 8.21 5.42 4.79 6.4 6.06 4.89 8.16 9.62 1.11 2.93 3.85 8.28 6.96 5.09 1.09 0.1 8.24 8.78 5.32 6.86 5.32 2.88 2.93
double 89 postorder 0.03 3.62 3.32 3.43 3.73 2.58 5.15 8.61 6.67 3.81 3.37 1.51 8.77 8.6 4.36 1.29 2.09 1.73 1.9 1.34 8.61 6.57 2.73 8.35 6.09 5.07 1.03 1.73 1.21 3.57 1.14 3.37 0.97 6.07 1.77 7.96 7.29 3.15 3.15 6.58 2.78 4.3 1.91 0.5 8.1 5.61 8.97 5.81 6.84 7.8 3.62 6.51 0.69 9.2 3.07 8.07 7.98 1.19 9.61 2.99 2.23 3.76 4.68 5.13 9.46 6.47 5.37 2.92 2.39 8.31 4.27 0.19 5.74 8.3 3.42 1.86 1 4.42 9.01 0.49 4.2 7.52 2.71 6.95 9.06 2.17 1.49 9.71 4.42
int 90 preorder 31 34 47 97 16 94 50 33 9 94 51 65 21 55 6 97 32 44 53 30 17 4 32 27 70 31 96 17 71 27 89 13 67 73 96 11 49 64 37 4 61 89 20 71 81 51 93 65 76 17 41 4 68 92 33 54 3 50 92 82 35 94 45 34 36 8 2 35 12 23 24 29 72 54 37 60 8 19 13 75 7 83 12 60 4 69 26 23 43 96
char 91 preorder d g c q n c d n o q j q f g g h o i k f f f b m a g j g d b e b o p f d i f o h d j t c f e b s b t q j b n a s t d i h c m t n e m q q q o f q b k n h o q f e r s g f c e e c d l c
double 92 inorder 6.78 7.27 7.95 0.14 2.49 0.48 6.06 8.94 9.21 4.14 4.69 2.96 3.97 8.51 2.82 1.11 2.33 0.7 1.88 1.31 4.82 5.4 3.18 4.09 6.05 3.92 5.04 2.81 9.51 1.11 0.88 7.5 0.43 8.97 7.46 1.01 9.18 1.54 9.41 3.81 2.68 3.14 1.78 4.11 8.06 6.68 5.69 3.23 0.24 5.08 0.9 4.88 6.16 2.93 3.3 5.74 8.47 7.14 9.14 5.29 7.01 5.94 6.26 4.37 9.05 2.55 3.37 6.58 5.49 5.18 1.25 3.89 2.83 3.72 3.42 0.96 9.73 9.21 8.21 7.93 6.03 8.13 3.05 9.84 1.32 5.35 8.37 7.94 7.31 3.33 1.51 1.92
bool 93 preorder 0 1 1 0 0 0 1 1 0 1 0 0 0 0 0 1 0 0 0 0 0 1 0 1 1 1 0 1 1 0 1 0 0 0 0 1 0 1 1 1 1 0 1 1 0 0 0 1 0 0 1 0 0 0 0 1 1 0 0 1 0 1 1 0 1 0 0 1 0 0 1 0 1 0 1 1 0 1 1 0 1 1 1 0 0 1 0 0 1 0 1 1 1
double 96 preorder 8.68 8.56 1.18 3.2 0.23 9.54 0.99 2.2 6.79 8.04 7.34 5.71 5.72 2.08 6.59 1.68 5.42 5.16 6.62 5.19 3.7 9.97 2.46 3.5 1.34 6.1 7.72 6.64 4.66 1.12 0.02 0.68 1.18 1.43 7.78 1.03 4.31 4.53 2.31 8.98 6.26 4.76 2.48 7.94 2.58 8.76 9.98 8.31 1.34 6.94 0.92 6.54 8.19 1.21 2.58 6.48 8.76 2.77 1.01 6.26 6.63 8.75 8.18 5.26 5.47 4.73 5.84 7.23 2.29 0.9 7.05 3.32 6.02 6.5 1.83 1.07 5.05 6.71 7.48 0.04 2.74 5.33 9.47 4.47 1.69 5.6 8.2 5.07 8.96 0.92 8.48 5.7 1.17 3.06 3.56 2.08
int 97 postorder 20 10 39 12 6 3 15 32 39 3 63 75 66 24 32 32 91 2 27 82 74 90 33 25 10 95 10 33 92 94 48 34 85 49 21 70 2 14 8 78 52 15 6 87 56 75 6 29 61 40 77 26 12 70 86 83 83 42 89 19 62 68 41 8 51 65 41 77 30 80 40 54 5 21 69 95 27 66 95 22 86 98 35 33 32 89 80 45 36 6 95 78 14 33 95 53 39
int 97 postorder 17 73 45 83 35 15 5 87 80 15 93 31 37 98 10 21 18 9 11 41 70 54 28 96 26 96 61 56 91 84 93 99 53 32 21 80 3 22 82 8 50 87 3 75 70 18 99 66 79 64 23 15 30 39 4 48 7 46 96 84 96 6 96 83 86 16 61 90 68 51 77 66 4 51 53 75 76 76 44 26 34 17 79 60 72 84 79 65 41 6 10 51 5 69 30 73 18
char 98 postorder o e s n e o p b b n q a t f t c l e e m q s i m l s k q q g t h m p c h r k d c i k m e f k f n i p r i t h o l m g g m c s h d n c c j f k g s e i p b r m f j m p s r e c i p t h t n t b m a n i
double 100 inorder 4.32 2.9 5.17 7.17 3.79 5.72 0.98 5.36 4.93 8.66 2.35 5.97 0.29 5.22 8.74 1.33 5.53 0.87 2.82 9.17 0.89 4.23 8.79 4.77 4.66 4.03 9.23 5.53 0.87 4.61 4.41 8.09 5.31 6.44 9.33 7.72 8.18 3.7 0.69 5.14 4.12 6.9 9.99 6.78 6.15 7.9 9.98 1.94 6.69 1.1 6.25 2.5 2.93 7.08 6.64 1.47 7.25 0.04 3.68 5.49 4.3 8.67 4.83 0.9 6.78 3.92 0.97 1.58 8.81 4.24 0.82 2.86 9.23 3.48 2.76 9.67 6.77 9.34 3.37 2.01 6.88 9.77 8.67 4.94 8.33 8.82 1.79 8.03 4.14 4.3 8.19 0.91 5.98 8.14 4.46 8.22 2.57 5.98 6.07 5.76
int 101 preorder 95 28 59 43 9 5 57 69 83 26 69 9 99 1 12 48 74 62 82 88 49 19 91 51 83 7 55 47 32 95 58 63 16 32 34 9 40 2 78 60 68 73 47 3 32 51 60 95 80 49 11 25 64 28 81 24 41 12 57 52 62 87 50 1 50 93 63 2 7 42 13 30 10 76 49 76 83 2 10 24 62 89 47 48 94 59 43 89 79 64 24 62 63 16 17 10 71 36 92 71 58
bool 102 preorder 1 1 1 1 0 1 1 1 1 1 0 0 0 1 1 1 0 1 1 0 1 0 1 1 1 1 0 0 0 0 1 1 0 1 0 0 1 0 1 1 1 0 1 1 1 0 0 0 0 1 0 1 1 0 1 1 0 1 0 0 0 1 0 0 1 1 0 0 0 1 0 1 1 1 1 0 1 1 0 1 1 1 0 1 0 1 1 0 1 1 0 0 1 1 1 1 0 1 1 1 1 0
bool 103 inorder 0 1 1 0 1 1 1 0 0 0 1 0 1 0 0 1 0 0 0 0 1 1 1 1 0 1 0 1 1 1 0 0 1 1 0 0 1 1 0 0 1 1 1 0 1 1 1 0 1 0 0 0 1 0 0 1 1 1 1 0 0 1 0 0 1 0 1 1 1 0 1 0 0 0 0 0 1 0 0 0 0 1 1 1 0 1 0 1 1 1 0 0 1 1 0 0 0 1 1 1 0 0 1
bool 103 postorder 0 1 0 0 1 1 0 0 1 0 0 1 0 0 1 1 1 1 0 1 1 0 1 1 0 1 0 0 0 0 0 0 0 0 0 0 1 0 1 1 1 1 1 0 0 1 0 1 0 0 0 1 1 1 1 0 0 0 1 1 0 0 1 1 0 1 1 1 1 1 0 1 1 1 1 1 1 1 0 0 0 1 0 1 0 1 1 1 1 1 1 0 0 1 1 1 1 1 1 0 0 1 1
double 103 postorder 1.86 4.79 3.24 2.75 2.94 5.7 6.19 3.1 0.02 4.24 6.02 7.23 7.67 2.38 1.4 7.97 3.49 5.92 6.44 8.55 9.23 1.86 6.31 7.6 5.12 1.42 7.1 1.86 3.18 0.23 4.2 0.43 6.67 0.64 7.33 4.71 0.37 9.53 4.68 3.8 5.82 9.04 0.04 9.89 9.5 1.9 8.83 9.95 9.72 2.93 9.21 1.79 4.7 5.31 2.14 8.44 9.98 9.55 6.28 7.08 2.41 1.65 6.92 4.72 6.91 4.1 5.01 4.85 5.7 6.71 8.97 5.4 2.11 4.59 8.85 1.25 4.57 6.35 3.17 1.91 6.74 0.05 9.41 2.36 2.66 6.33 0.31 3.45 4.66 8.81 5.56 8.65 2.45 3.91 3.7 8.73 7.39 9.42 7.78 1.48 1.75 4.25 3.3
bool 105 preorder 0 1 0 0 1 0 1 0 0 0 1 1 1 0 0 0 0 0 1 1 0 0 0 1 1 1 0 0 0 1 0 1 1 0 1 1 0 1 0 0 1 0 0 1 1 0 1 1 0 1 1 0 0 1 0 0 1 1 1 0 1 0 0 0 0 1 1 1 1 0 1 0 1 0 1 0 1 1 1 1 1 1 1 1 0 1 0 0 0 1 0 1 0 0 0 1 0 0 0 0 0 1 1 0 0
char 105 inorder o d l m r o b l i f q e f a l p b t l s j a o i t i s i f t a h i c m q d r r d d l r b a i k e l m o p t k e c h c h k b r q s g q k i l o r g m f m q n h m g r p o m f n m a m r o p i r e h g h q j f n o s h
int 105 preorder 57 80 37 85 71 87 62 19 36 46 95 48 25 32 41 36 62 9 60 89 13 25 70 68 79 84 35 42 70 19 2 12 31 14 62 92 30 61 84 33 79 15 2 94 39 1 35 91 17 72 51 91 30 9 90 68 24 61 64 7 52 19 97 17 24 95 70 19 61 35 3 89 17 41 13 41 48 79 83 65 7 87 71 67 99 49 28 11 75 85 47 42 1 10 40 98 83 19 72 18 57 75 62 83 36
char 105 postorder l j g k g p b r a s q f p s q m p g n e q a s r p e t p k o c l r c e b g f s m l r b g q e t o h q p g h i c m s f b a j o b q k t q i k b n b q o o i b a e k j t e m i k o k m s m q m j i h f a m k k g t o j
int 105 preorder 8 46 67 35 69 51 88 48 91 18 23 8 61 93 21 64 12 82 52 7 80 42 61 33 96 82 36 14 8 9 7 76 14 26 49 77 53 63 95 36 75 81 27 42 47 16 61 70 34 48 14 26 97 73 55 89 26 89 87 10 44 97 92 14 7 77 45 69 1 5 85 61 48 41 27 10 91 62 87 80 83 4 28 57 67 11 66 63 31 71 43 81 62 82 29 90 67 85 86 64 82 18 55 48 47
char 107 preorder o j c k b c c c b r o p t h t s n q s e b e l b i s i p j d j q r l e p t j e n n p l h h p g l j q r t p o l e p o s k c g c e i o k c b g k p i l k f j t i f e g e o n a m r k d g q j j q h l n t r b j s s s m t
double 108 postorder 0.29 3.2 5.32 0.82 6.13 3.14 3.3 5.12 6.86 6.05 7.43 5.91 3.95 0.03 9.79 2.28 4.75 7.32 6.36 1.87 1.36 5.16 9.28 9.99 5.05 9.07 4.17 4.86 6.23 5.61 4.05 0.39 2.62 2.03 0.94 4.7 4.29 1.85 1.1 2.45 9.67 2.55 3.46 3.88 5.57 4.89 0.17 8.44 6.68 4.42 1.45 3.04 2.36 8.44 0.25 5.26 2.19 8.67 7.68 0.21 1.32 7.93 6.01 0.69 7.96 1.34 6.69 6.4 9.41 5.89 1.1 0.15 5.03 8.9 4.91 3.62 8.41 5.43 8.26 6.07 9.15 9.09 7.32 7.88 2.42 6.32 3.56 9.65 6.38 3.14 7.31 4.26 7.33 0.87 1.18 4.52 3.7 4.62 9.57 1.84 2.06 5.42 8.66 5.17 6.96 2.34 6.44 1.66
double 108 postorder 9.52 6.28 3.32 1.1 1.73 2.92 9.05 3.93 1.87 8.55 6.79 3.55 6.54 0.05 6.86 9.42 1.09 4.04 3.22 7.02 1.78 6.14 3.96 9.24 6.45 8.4 1.04 2.25 1.65 9.81 3.83 3.86 2.53 1.53 4.43 1.15 8.15 9.54 4.4 1.28 4.66 0.83 6.63 7.37 7.03 6.87 5.53 4.05 0.05 8.57 0.01 6.46 2.03 2.27 7.95 5.88 8.77 8.29 9.23 8.62 8 0.2 0.91 4.19 4.79 4.92 3.61 9.04 7.64 8.87 9.47 9.26 7.16 7.71 6.97 6.26 7.36 3.64 9.79 9.2 1.17 0.78 9.19 5.03 4.54 5.15 1.54 0.37 0.95 2.99 6.66 8.36 3.2 6.95 9.82 5.72 5.85 5.91 2.56 0.9 4.62 7.31 4.49 3.38 3.99 7.23 0.55 7.44
double 109 postorder 4.46 1.22 6.59 1.09 4.97 6.4 4.17 2 6.78 3.51 9.46 9.91 6.3 1.95 5.11 1.56 5.31 3.35 9.6 9.95 4.39 3.22 4.63 4.32 4.1 5.4 2.42 5.67 1.92 8.34 5.87 1.13 8.74 2.07 8.73 5.63 9.4 6.41 5.68 8.86 1.73 7.89 2.42 0.1 5.92 2.67 9.35 0.81 0.4 0.19 5.26 1.05 2.58 4.09 9.23 6.45 6.29 6.82 4.9 2.58 6.12 1.47 1.06 2.11 3.94 2.53 1.12 7.01 7.15 7.44 8.16 8.05 3.24 4.05 2.49 1.51 5.66 0.39 8.02 5.12 3.59 2.11 3.81 2.11 5.25 1.11 8.88 1.48 1.51 6.74 4.36 3.85 9.68 3.41 6.07 7.96 3.22 4.71 4.72 9.25 3.57 5.35 4.21 1.93 5.07 9.61 3.23 1.44 6.41
int 109 postorder 49 21 87 95 24 63 10 61 61 6 30 96 42 15 13 94 86 38 52 34 93 61 95 60 20 70 17 93 80 55 77 71 54 73 33 82 73 83 5 72 19 78 83 45 15 94 95 96 60 45 35 83 90 54 1 53 20 37 73 31 92 62 78 43 24 73 71 30 64 61 76 84 95 11 61 22 96 53 14 27 14 64 32 28 96 6 98 50 16 85 36 39 59 48 40 61 33 15 12 55 25 29 19 37 72 62 82 16 61
char 109 preorder g a e j t i o q i i q b p p i c o h r a e e s q s c d l t e p a m l q e t m c h b k c r m b i m h m l a o s j c k r a q m l b p l q s f g m d m b d n d g g o t h h e d d g l e g h p s m i t n b g b m r n d j a a t b l
int 109 preorder 62 4 43 69 8 50 45 36 19 81 96 25 20 8 90 92 45 30 13 23 52 64 76 16 98 84 98 53 79 19 65 38 7 88 77 27 2 18 43 15 24 24 51 67 62 15 72 36 44 63 87 65 66 29 57 87 83 48 99 52 32 84 70 12 84 8 75 77 42 74 39 51 79 59 32 17 52 38 34 27 18 59 45 6 46 40 56 89 97 56 13 29 26 24 79 56 32 74 77 33 39 89 87 21 87 33 31 3 99
