5 7 int 15 46 67 29 14 (15 29) (15 14) (46 67) (46 29) (46 14) (29 14) (14 67)
5 7 int 85 12 90 37 27 (85 37) (12 85) (90 12) (37 12) (27 85) (27 90) (27 37)
5 7 int 20 31 13 28 70 (20 31) (20 13) (20 28) (20 70) (28 31) (28 13) (70 13)
5 7 double 8.8 6.9 5.1 8.2 6.4 (8.8 6.9) (8.8 8.2) (6.9 6.4) (5.1 8.2) (5.1 6.4) (8.2 6.9) (6.4 8.8)
5 6 char E V L K M (E V) (E K) (V L) (V K) (M L) (M K)
6 10 double 7.9 7 8.1 4.5 9.8 3.2 (7.9 9.8) (7.9 3.2) (7 8.1) (7 9.8) (7 3.2) (8.1 3.2) (4.5 7) (4.5 8.1) (9.8 4.5) (3.2 4.5)
6 9 double 6.6 8.9 9.1 5 5.4 6.5 (8.9 6.6) (8.9 5.4) (9.1 5) (5 8.9) (5.4 9.1) (5.4 5) (5.4 6.5) (6.5 6.6) (6.5 8.9)
6 7 char J X K T R E (X T) (X R) (X E) (K X) (K T) (K E) (R J)
7 13 double 3.8 4.2 1.5 8.4 5.9 3.9 4.5 (3.8 8.4) (3.8 5.9) (4.2 1.5) (4.2 5.9) (1.5 8.4) (8.4 3.9) (5.9 3.9) (5.9 4.5) (3.9 3.8) (3.9 4.2) (4.5 4.2) (4.5 8.4) (4.5 3.9)
7 11 int 21 53 28 52 20 50 74 (53 21) (53 28) (53 74) (28 74) (52 74) (20 53) (20 28) (20 50) (50 52) (74 20) (74 50)
7 11 double 9.4 4.1 4.9 7.3 7.1 3.1 4.6 (9.4 4.1) (9.4 4.9) (9.4 7.3) (9.4 3.1) (4.1 3.1) (4.9 7.3) (4.9 7.1) (4.9 3.1) (7.3 4.6) (7.1 7.3) (3.1 4.6)
7 12 double 4.7 6.5 6.2 6.7 6.3 2.7 1.2 (4.7 6.5) (4.7 6.2) (4.7 6.7) (6.5 1.2) (6.2 6.5) (6.3 4.7) (6.3 6.5) (6.3 6.2) (2.7 6.7) (1.2 4.7) (1.2 6.2) (1.2 2.7)
7 11 int 49 90 25 57 33 92 29 (90 57) (90 92) (90 29) (25 90) (25 92) (33 25) (92 49) (92 57) (92 29) (29 25) (29 33)
7 12 char R M N J U O F (R J) (R O) (M R) (M O) (N M) (N U) (J N) (J F) (U R) (U F) (O J) (F M)
8 9 int 66 37 28 29 41 44 13 38 (66 28) (66 13) (66 38) (37 28) (37 29) (28 13) (29 44) (44 66) (44 41)
8 16 double 8.7 1.8 2.2 7.2 4.2 2.5 7.8 6.1 (1.8 4.2) (1.8 2.5) (2.2 8.7) (2.2 1.8) (2.2 2.5) (2.2 7.8) (2.2 6.1) (7.2 1.8) (4.2 8.7) (4.2 2.2) (2.5 4.2) (7.8 8.7) (7.8 2.5) (6.1 1.8) (6.1 2.5) (6.1 7.8)
8 17 double 9.1 6 5.3 3.9 9.4 5 7.4 4.8 (9.1 5.3) (9.1 7.4) (9.1 4.8) (6 3.9) (5.3 6) (5.3 9.4) (5.3 7.4) (3.9 9.1) (3.9 5) (9.4 5) (9.4 7.4) (5 6) (5 5.3) (4.8 6) (4.8 5.3) (4.8 9.4) (4.8 5)
8 14 char L C Y S G B U X (L Y) (L G) (C L) (C Y) (C B) (S C) (S Y) (G S) (B L) (U Y) (U S) (U G) (X G) (X U)
8 18 double 1 2.1 5.5 4.1 3.5 6.3 1.3 5.9 (1 5.5) (1 4.1) (1 6.3) (2.1 1) (2.1 5.5) (2.1 4.1) (2.1 5.9) (5.5 4.1) (5.5 1.3) (3.5 2.1) (3.5 5.5) (3.5 1.3) (6.3 5.5) (6.3 1.3) (6.3 5.9) (1.3 1) (1.3 2.1) (5.9 5.5)
8 13 double 8.7 8 5.4 4.3 3.9 1.5 3.2 6.9 (8.7 6.9) (8 8.7) (5.4 8.7) (5.4 3.9) (5.4 6.9) (4.3 8) (1.5 8.7) (1.5 3.2) (1.5 6.9) (3.2 8.7) (3.2 4.3) (3.2 3.9) (6.9 4.3)
9 10 int 70 16 64 99 98 60 53 90 76 (70 53) (16 98) (16 76) (64 53) (99 16) (99 60) (98 64) (60 16) (76 99) (76 53)
9 24 double 1.6 6.2 6.5 9.9 2.1 9.6 2.9 4.7 5.3 (1.6 6.2) (1.6 6.5) (6.2 9.9) (6.2 9.6) (6.5 6.2) (6.5 9.9) (9.9 2.1) (2.1 1.6) (2.1 6.2) (2.1 6.5) (9.6 1.6) (9.6 6.5) (9.6 9.9) (9.6 5.3) (2.9 1.6) (2.9 6.2) (2.9 9.9) (2.9 2.1) (4.7 6.2) (4.7 6.5) (4.7 9.6) (5.3 6.2) (5.3 2.1) (5.3 2.9)
9 17 int 42 43 28 88 29 55 84 77 37 (42 43) (42 84) (42 37) (43 29) (43 37) (28 43) (28 37) (88 37) (29 42) (29 55) (29 77) (55 28) (84 88) (84 55) (84 37) (77 37) (37 55)
10 21 char V A L X C E G W R Y (V L) (V W) (L E) (L Y) (X V) (X C) (X E) (X Y) (C V) (C A) (C R) (E C) (E Y) (G V) (G C) (W L) (W C) (W R) (R G) (Y C) (Y R)
10 12 char R B X C V W M T D F (R X) (R V) (R M) (R T) (B D) (X C) (C B) (C D) (V M) (D V) (F B) (F T)
11 17 char X J Y F Q O V H R C L (X J) (X C) (J F) (F H) (F L) (Q O) (O J) (O R) (V J) (V F) (H Q) (H R) (R J) (R Y) (R L) (C F) (C L)
11 19 int 56 26 86 18 87 69 82 97 25 32 31 (56 26) (56 18) (56 69) (26 97) (86 31) (87 56) (87 18) (87 69) (69 31) (82 69) (82 97) (82 32) (32 56) (32 86) (32 69) (32 25) (31 26) (31 18) (31 82)
11 25 double 1.2 1 9 7.2 6 1.9 6.3 4 2.3 8.4 3.3 (1.2 8.4) (1 1.2) (9 6.3) (9 3.3) (7.2 1) (6 6.3) (1.9 1) (1.9 4) (1.9 8.4) (6.3 1) (6.3 7.2) (6.3 3.3) (4 1.2) (4 9) (4 7.2) (4 6) (2.3 7.2) (2.3 4) (2.3 8.4) (8.4 9) (8.4 7.2) (3.3 1.2) (3.3 1) (3.3 6) (3.3 2.3)
11 15 int 42 64 80 39 18 36 78 59 79 11 12 (42 11) (64 78) (80 42) (80 36) (80 79) (39 79) (18 64) (18 80) (18 36) (78 18) (59 42) (59 79) (11 39) (11 36) (12 80)
11 32 int 44 79 18 45 70 91 83 16 20 29 23 (44 70) (79 44) (79 18) (79 91) (79 16) (79 29) (18 44) (18 45) (18 83) (45 91) (45 29) (70 91) (70 83) (70 23) (91 44) (91 18) (83 45) (83 91) (16 20) (20 44) (20 79) (20 70) (20 23) (29 44) (29 18) (29 91) (29 83) (23 18) (23 45) (23 91) (23 83) (23 16)
12 13 char Q D J F O N W A K B L E (D Q) (D J) (O Q) (W F) (W A) (K F) (B Q) (B L) (L O) (L A) (E Q) (E J) (E B)
12 47 int 13 47 53 88 34 77 38 20 84 69 43 99 (13 47) (13 20) (13 84) (47 53) (47 43) (53 13) (53 77) (53 38) (53 84) (53 69) (53 43) (88 13) (88 53) (88 38) (88 43) (88 99) (34 13) (34 53) (77 13) (77 47) (77 38) (38 13) (38 47) (38 34) (38 84) (38 69) (20 47) (20 53) (20 88) (20 38) (20 84) (20 99) (84 47) (84 88) (84 43) (69 13) (69 47) (69 84) (69 43) (43 13) (43 34) (43 20) (99 13) (99 53) (99 34) (99 77) (99 69)
13 31 int 59 40 69 31 90 24 84 86 50 72 58 32 34 (59 40) (59 50) (40 69) (40 32) (69 32) (31 90) (31 84) (31 58) (90 40) (90 69) (90 86) (90 58) (90 34) (24 84) (84 59) (84 34) (86 40) (86 69) (50 40) (50 69) (50 90) (50 24) (58 40) (58 86) (58 50) (58 72) (58 32) (58 34) (32 31) (32 72) (34 72)
13 37 char C E F X P R A Q S K Y J D (C R) (C S) (C Y) (C D) (E J) (F Q) (F S) (F K) (F Y) (X C) (X Y) (X D) (P X) (P S) (R P) (R A) (R D) (A C) (A X) (A P) (A Q) (A J) (Q R) (Q K) (S X) (S A) (S Q) (K P) (K A) (K D) (Y E) (Y R) (Y A) (Y K) (Y D) (J S) (J Y)
13 44 double 4.9 2.4 7.4 1.9 9 9.5 2.1 1.2 3.3 8.9 6 1.8 5.4 (4.9 7.4) (4.9 1.9) (4.9 1.8) (2.4 7.4) (2.4 1.9) (2.4 8.9) (7.4 1.9) (7.4 9) (7.4 9.5) (7.4 1.2) (7.4 3.3) (1.9 9.5) (1.9 2.1) (1.9 1.2) (9 1.9) (9 1.2) (9 6) (9.5 2.4) (9.5 9) (9.5 1.2) (9.5 6) (9.5 5.4) (2.1 6) (2.1 1.8) (2.1 5.4) (1.2 6) (1.2 1.8) (3.3 4.9) (3.3 2.4) (3.3 1.9) (3.3 9) (3.3 1.8) (8.9 7.4) (8.9 1.9) (8.9 3.3) (8.9 6) (8.9 5.4) (6 7.4) (1.8 2.4) (1.8 8.9) (5.4 2.4) (5.4 7.4) (5.4 1.9) (5.4 3.3)
13 20 int 25 96 66 68 58 31 14 87 54 49 53 61 74 (25 14) (25 54) (25 61) (96 25) (96 66) (96 14) (58 54) (58 49) (58 74) (31 14) (31 54) (14 61) (87 25) (87 58) (87 74) (49 74) (53 68) (53 74) (61 68) (74 68)
13 32 char X D A M Q O H W Y I L J V (X D) (X A) (X M) (X W) (X L) (X V) (D Y) (D I) (A V) (M D) (M Q) (M W) (M Y) (Q D) (Q H) (Q W) (O X) (O D) (O V) (H X) (H W) (H L) (H V) (W L) (W V) (Y A) (Y J) (I O) (I H) (I V) (L A) (L V)
13 52 char P X H U B T Q I K W E A L (P W) (P A) (X P) (X H) (X U) (X Q) (X I) (X W) (H P) (H U) (H B) (H T) (H Q) (H E) (U K) (U W) (B P) (B T) (B E) (T P) (T U) (T I) (T W) (T E) (Q P) (Q T) (Q W) (I P) (I U) (I W) (K X) (K H) (K T) (K Q) (K W) (K E) (E X) (E Q) (E A) (E L) (A U) (A B) (A T) (A Q) (A I) (A W) (A L) (L X) (L U) (L B) (L I) (L W)
13 46 char E G U C H M K P W Y V L T (E G) (E U) (E H) (E P) (E T) (G U) (G M) (G W) (U M) (U L) (U T) (C G) (C K) (H M) (H K) (H V) (H L) (H T) (M E) (M W) (K U) (K W) (K V) (K L) (P U) (P C) (P H) (P M) (P K) (P Y) (W E) (W C) (W H) (W P) (Y G) (Y H) (Y W) (Y T) (V U) (V T) (L M) (L P) (L Y) (T M) (T K) (T L)
14 30 int 33 64 95 22 41 47 60 19 56 74 59 62 88 16 (33 19) (33 56) (64 33) (64 62) (95 22) (95 19) (95 16) (22 19) (41 33) (41 64) (47 88) (60 33) (60 19) (60 16) (19 64) (19 74) (56 22) (74 33) (74 22) (74 56) (59 33) (62 22) (62 47) (62 56) (88 33) (88 95) (88 74) (88 59) (16 62) (16 88)
14 56 char Q M D L E V P O G N S W Y X (Q E) (M Q) (M L) (M E) (M P) (M S) (M X) (D M) (D L) (D E) (D P) (D W) (L P) (L O) (L G) (L S) (L W) (L Y) (E N) (E W) (V Q) (V M) (V D) (V O) (V N) (V W) (V X) (P Q) (P W) (P X) (O E) (O P) (O S) (G M) (G E) (G P) (G S) (G W) (N L) (N P) (N O) (N S) (S Q) (S E) (S V) (S Y) (W M) (W N) (W S) (Y Q) (Y V) (Y O) (X L) (X E) (X G) (X N)
14 26 char P D S K U R H O J F E Q W V (P U) (P J) (P E) (S U) (S O) (K J) (K F) (U K) (U R) (U O) (U J) (O D) (O K) (O E) (O V) (J H) (J E) (J Q) (F J) (E S) (E H) (Q O) (Q W) (Q V) (W P) (W D)
14 35 char T H Y A W J M L O X N E D R (T N) (H Y) (H M) (H N) (Y J) (Y M) (Y L) (Y E) (A N) (A D) (W H) (W L) (W R) (J E) (M A) (M X) (M D) (O Y) (O M) (O R) (X Y) (X W) (X R) (N O) (N X) (E H) (E M) (E L) (E N) (E D) (E R) (D J) (R H) (R N) (R D)
14 25 int 90 28 76 41 14 79 24 52 92 37 97 19 29 95 (90 28) (90 24) (90 52) (28 92) (28 19) (76 29) (41 28) (41 79) (41 24) (14 19) (52 76) (52 24) (92 90) (92 19) (37 90) (37 52) (97 41) (97 95) (19 79) (19 52) (19 97) (29 14) (95 41) (95 92) (95 19)
15 17 int 22 55 86 52 68 12 90 67 21 42 47 23 87 95 65 (55 52) (86 22) (68 55) (68 12) (68 67) (12 22) (90 22) (90 87) (21 86) (21 90) (42 22) (47 67) (87 86) (95 55) (95 65) (65 22) (65 42)
15 45 double 3.6 1.4 2.6 9.2 1.5 3.2 8.4 8 1 1.9 9.4 7.3 7.5 9 4.5 (3.6 9.2) (3.6 9) (3.6 4.5) (1.4 3.6) (1.4 1.5) (2.6 3.6) (2.6 1.4) (2.6 1) (2.6 9.4) (2.6 7.5) (1.5 3.6) (1.5 2.6) (1.5 8.4) (1.5 1) (1.5 1.9) (1.5 9.4) (1.5 7.3) (1.5 7.5) (1.5 9) (3.2 3.6) (3.2 9.4) (8.4 9.4) (8.4 4.5) (8 1.4) (8 8.4) (1 8.4) (1.9 3.6) (1.9 8.4) (1.9 8) (9.4 1.9) (7.3 1.4) (7.3 9.2) (7.3 3.2) (7.3 1) (7.5 3.6) (7.5 1.4) (7.5 1) (7.5 1.9) (7.5 9.4) (9 8.4) (9 8) (9 1) (4.5 1) (4.5 7.3) (4.5 9)
15 31 double 3.8 3 4.7 4.8 5.5 8.4 6.9 7.2 5 6.1 2.7 1.5 1.1 4.5 9.8 (3 3.8) (3 6.1) (4.7 3) (4.7 8.4) (4.8 3.8) (4.8 3) (5.5 8.4) (5.5 1.1) (8.4 3.8) (8.4 6.9) (6.9 5.5) (6.9 4.5) (7.2 4.7) (7.2 6.1) (7.2 4.5) (5 3.8) (5 4.8) (5 8.4) (5 6.9) (5 9.8) (6.1 1.5) (2.7 4.8) (2.7 6.9) (2.7 4.5) (1.5 3) (1.5 8.4) (1.5 6.9) (1.1 7.2) (9.8 4.8) (9.8 7.2) (9.8 2.7)
16 45 char T H W N R E M J S V D Y P C F L (T N) (T M) (T Y) (H M) (H S) (H D) (H L) (W C) (N M) (N V) (R W) (R N) (R Y) (R C) (E H) (E S) (E P) (M W) (M R) (J N) (J E) (J D) (V H) (V R) (V S) (V L) (D W) (D Y) (Y H) (Y E) (Y J) (Y V) (P W) (P D) (C T) (C M) (F J) (F D) (F Y) (F P) (F C) (L T) (L P) (L C) (L F)
16 38 int 96 58 34 28 85 91 17 32 45 79 82 25 48 37 54 52 (96 58) (96 48) (58 85) (58 79) (34 45) (34 79) (34 48) (28 91) (28 25) (85 32) (91 32) (17 96) (17 91) (17 52) (32 96) (32 79) (32 37) (45 79) (45 82) (79 96) (79 85) (79 48) (79 54) (79 52) (82 28) (82 48) (82 52) (25 32) (25 45) (48 37) (37 96) (37 34) (37 91) (37 82) (54 28) (54 17) (52 58) (52 45)
16 42 double 5.5 9.6 5.2 7.2 6.8 9.3 1.2 9 4.7 2.4 8.9 8.2 6 5.6 6.3 1 (5.5 9.6) (5.5 6.8) (5.5 9) (5.5 4.7) (5.5 2.4) (9.6 5.2) (9.6 6.8) (9.6 1.2) (9.6 5.6) (5.2 5.5) (5.2 4.7) (5.2 5.6) (7.2 9.3) (7.2 1.2) (7.2 2.4) (7.2 1) (6.8 1.2) (6.8 9) (6.8 8.9) (9.3 5.6) (1.2 9) (1.2 6) (9 5.2) (9 8.2) (4.7 7.2) (2.4 9.6) (2.4 6) (2.4 5.6) (8.9 5.5) (8.9 5.6) (8.9 6.3) (6 9.6) (6 6.8) (6 8.2) (6 5.6) (5.6 7.2) (5.6 9) (5.6 4.7) (5.6 1) (6.3 5.2) (6.3 1) (1 5.5)
16 60 int 28 13 70 69 98 86 90 74 66 45 27 34 55 17 91 76 (28 70) (28 98) (28 90) (28 66) (28 34) (13 98) (13 66) (13 27) (13 34) (13 91) (70 13) (70 86) (70 55) (70 91) (69 74) (69 66) (69 55) (98 70) (98 74) (98 45) (86 69) (86 98) (86 66) (86 27) (86 17) (90 13) (90 70) (90 69) (90 86) (90 55) (74 91) (66 70) (66 27) (45 76) (27 28) (27 70) (27 90) (27 45) (27 91) (34 69) (34 98) (34 66) (34 45) (34 55) (34 91) (55 28) (55 13) (55 98) (55 45) (55 17) (55 91) (17 91) (91 69) (76 28) (76 13) (76 70) (76 66) (76 27) (76 34) (76 55)
16 60 int 88 49 77 36 28 21 66 23 60 96 72 67 53 79 39 11 (88 60) (88 72) (88 53) (88 39) (88 11) (49 28) (49 23) (49 72) (49 79) (77 88) (77 23) (77 60) (77 96) (77 67) (77 11) (36 88) (36 77) (36 28) (36 66) (36 23) (36 72) (36 67) (21 88) (21 49) (21 77) (21 36) (21 28) (21 23) (21 96) (21 39) (21 11) (66 88) (66 49) (66 60) (23 28) (23 60) (23 96) (60 96) (72 28) (72 21) (72 23) (72 60) (67 49) (67 39) (67 11) (53 28) (53 21) (53 23) (53 72) (53 39) (79 28) (79 72) (79 67) (79 53) (79 39) (39 28) (39 11) (11 66) (11 96) (11 79)
16 24 char H B N P X C V R W Q I E T U S M (H C) (H E) (B C) (B S) (N C) (P V) (P R) (X M) (C I) (C E) (V U) (R B) (R C) (Q B) (Q X) (I V) (I Q) (E N) (E X) (T W) (U N) (U C) (M V) (M I)
16 30 int 25 47 99 75 91 28 69 61 85 35 89 80 16 82 12 11 (25 69) (25 82) (47 75) (47 35) (47 16) (99 28) (99 11) (75 12) (91 61) (91 85) (28 61) (28 85) (61 99) (85 80) (35 69) (35 12) (89 25) (89 85) (80 47) (80 75) (16 80) (82 28) (82 12) (12 28) (12 69) (12 89) (11 75) (11 85) (11 35) (11 16)
17 73 int 98 14 10 27 75 35 93 68 28 65 20 78 17 94 72 13 42 (98 10) (98 27) (98 17) (98 94) (14 93) (14 20) (14 94) (10 14) (10 75) (10 68) (10 78) (10 17) (27 78) (27 94) (27 13) (75 35) (75 13) (75 42) (35 98) (35 27) (35 68) (35 17) (35 94) (35 13) (93 10) (93 35) (93 65) (93 42) (68 98) (68 13) (28 98) (28 10) (28 75) (28 35) (28 68) (28 65) (65 75) (65 20) (65 72) (65 42) (20 98) (20 10) (20 35) (20 93) (20 28) (20 17) (20 13) (78 98) (78 75) (78 35) (78 68) (78 20) (78 13) (17 14) (17 68) (17 65) (17 78) (94 75) (94 93) (94 68) (94 20) (94 78) (94 13) (72 98) (72 27) (72 93) (13 93) (13 17) (13 72) (42 10) (42 27) (42 94) (42 13)
17 68 int 66 84 62 57 23 78 47 21 96 79 41 77 17 92 25 18 45 (66 47) (84 66) (84 23) (84 92) (84 18) (62 57) (62 96) (62 77) (57 84) (57 23) (57 25) (57 18) (23 62) (23 25) (23 18) (78 84) (78 62) (78 21) (78 77) (78 45) (47 57) (47 21) (47 77) (47 17) (47 92) (21 62) (21 96) (21 79) (21 41) (96 66) (96 78) (96 41) (96 17) (96 92) (79 23) (79 47) (79 41) (79 17) (41 62) (41 57) (41 47) (77 84) (77 96) (77 18) (17 66) (17 84) (17 62) (17 23) (17 21) (92 57) (92 21) (92 77) (25 66) (25 84) (25 62) (25 78) (25 47) (25 21) (25 96) (25 77) (25 45) (18 66) (18 62) (18 78) (18 41) (18 45) (45 84) (45 57)
17 68 int 75 30 50 27 36 37 28 60 19 77 17 11 57 83 92 94 18 (75 28) (75 11) (75 83) (75 94) (30 27) (30 37) (30 17) (30 94) (50 75) (50 30) (50 28) (50 60) (50 19) (50 92) (27 50) (27 36) (36 50) (36 19) (36 17) (36 11) (36 18) (37 50) (37 27) (37 36) (37 57) (28 37) (28 11) (28 57) (28 83) (60 30) (60 27) (60 19) (60 94) (19 28) (19 77) (19 57) (19 83) (19 92) (77 30) (77 50) (77 37) (77 60) (17 28) (17 19) (17 83) (17 18) (11 50) (11 37) (11 17) (11 18) (57 17) (57 11) (57 83) (57 94) (57 18) (83 77) (83 11) (83 18) (92 75) (92 27) (92 36) (92 57) (92 94) (92 18) (94 19) (18 27) (18 28) (18 77)
17 84 int 47 73 78 90 27 12 53 51 71 46 48 66 19 80 62 93 89 (47 78) (47 27) (47 71) (47 46) (47 62) (73 47) (73 90) (73 19) (73 89) (78 53) (78 80) (90 78) (90 71) (90 19) (90 89) (27 73) (27 78) (27 90) (27 46) (27 48) (27 93) (12 47) (12 73) (12 27) (12 51) (12 71) (12 80) (53 27) (53 46) (53 19) (53 93) (51 71) (51 48) (51 19) (51 80) (51 93) (51 89) (71 53) (71 46) (71 80) (46 73) (46 66) (48 47) (48 90) (48 12) (48 53) (48 46) (48 66) (48 19) (66 73) (66 78) (66 90) (66 27) (66 53) (66 71) (66 62) (66 93) (19 12) (19 71) (19 46) (19 66) (19 80) (19 93) (80 47) (80 53) (80 46) (80 48) (80 66) (80 93) (80 89) (62 90) (62 53) (62 71) (62 46) (62 89) (93 78) (93 90) (93 12) (93 71) (93 62) (89 47) (89 27) (89 48) (89 93)
17 82 int 55 60 89 15 38 19 52 82 26 32 33 14 98 81 93 20 88 (55 15) (55 19) (55 52) (55 26) (55 33) (55 14) (55 98) (60 32) (60 33) (60 20) (89 19) (89 82) (89 33) (89 14) (15 82) (38 55) (38 60) (38 89) (38 32) (38 14) (38 81) (19 38) (19 82) (19 26) (19 93) (19 88) (52 15) (52 19) (52 32) (52 33) (52 14) (52 20) (52 88) (82 55) (82 60) (82 81) (82 20) (26 60) (26 15) (26 33) (32 19) (32 82) (32 33) (32 14) (33 38) (33 19) (33 82) (33 20) (14 15) (14 33) (14 81) (14 20) (98 15) (98 19) (98 52) (98 20) (98 88) (81 55) (81 60) (81 15) (81 19) (81 26) (81 33) (81 98) (93 55) (93 60) (93 26) (93 32) (93 33) (93 14) (93 81) (93 20) (20 55) (20 89) (20 15) (20 38) (20 19) (88 82) (88 26) (88 32) (88 93) (88 20)
17 78 int 13 48 18 57 26 45 64 97 47 92 59 49 98 77 43 34 72 (13 57) (13 26) (13 45) (13 92) (13 49) (13 98) (13 72) (48 18) (48 26) (48 47) (48 77) (48 72) (18 13) (18 26) (18 97) (18 47) (18 59) (57 18) (26 64) (26 59) (26 49) (26 98) (45 48) (45 18) (45 57) (45 64) (45 59) (45 77) (45 72) (64 47) (64 49) (64 43) (97 64) (97 59) (97 49) (97 77) (47 57) (47 97) (47 92) (47 34) (92 57) (92 26) (92 45) (59 57) (59 64) (59 98) (59 34) (49 18) (49 47) (49 77) (49 72) (98 48) (98 18) (98 45) (98 64) (98 92) (98 43) (77 18) (77 64) (77 98) (77 72) (43 48) (43 18) (43 45) (43 47) (43 49) (43 77) (43 34) (34 18) (34 92) (34 49) (34 98) (72 18) (72 97) (72 47) (72 92) (72 59) (72 98)
18 20 int 64 79 36 13 81 83 72 45 42 38 96 93 82 20 87 44 49 22 (64 87) (64 44) (79 45) (36 81) (13 83) (13 42) (13 96) (13 20) (81 64) (81 13) (83 44) (72 13) (72 42) (96 36) (82 93) (20 82) (87 38) (44 72) (44 45) (49 93)
18 27 double 6.7 1.7 3.9 3 7.7 2 1.1 2.9 3.4 5.2 3.2 1 1.5 2.2 7.3 6.2 3.8 4.9 (6.7 2) (6.7 3.4) (6.7 1) (3.9 7.7) (3.9 3.4) (3.9 1) (3.9 1.5) (3.9 4.9) (3 6.7) (3 3.9) (2 3.2) (1.1 4.9) (2.9 2.2) (3.4 1.5) (3.4 6.2) (5.2 1.7) (5.2 1.5) (3.2 7.7) (3.2 1.1) (3.2 5.2) (3.2 1.5) (2.2 3.2) (7.3 2.9) (7.3 5.2) (6.2 6.7) (6.2 1.5) (4.9 2.9)
18 40 char N P B M X S L H G A I V J E O R W T (N S) (N V) (P L) (B L) (M N) (M X) (M V) (M J) (M R) (S P) (S M) (S L) (S E) (L I) (H N) (H P) (H O) (G B) (G X) (G S) (G J) (A E) (A O) (A T) (I X) (I G) (I A) (I V) (I W) (V A) (J E) (E B) (E H) (E G) (E T) (O R) (R E) (W E) (T L) (T J)
19 78 char U T Q E O V P M K I D S W H N C R X L (U O) (U P) (U I) (U C) (U R) (T U) (T E) (T O) (T P) (Q C) (Q R) (E O) (E D) (E L) (O Q) (O N) (O X) (V U) (V T) (V O) (V C) (P H) (P X) (M U) (M T) (M Q) (M P) (M K) (M I) (M X) (M L) (K U) (K H) (I Q) (I S) (I N) (I C) (I R) (D U) (D V) (D N) (D X) (D L) (S P) (S M) (S K) (S D) (S W) (S C) (S X) (S L) (W O) (W V) (W H) (H V) (H S) (H N) (H X) (N U) (N M) (N W) (C O) (C K) (C H) (R E) (R O) (R V) (R P) (R D) (R S) (R H) (R X) (X E) (X I) (X W) (L T) (L W) (L R)
19 42 double 1.9 9.1 1.5 3.6 4.6 6.7 7 9.8 5.9 6.8 9.2 5.8 2.8 7.9 2.4 1.6 3.5 4.3 2.2 (1.9 1.5) (1.9 6.8) (1.9 5.8) (9.1 9.8) (1.5 9.2) (1.5 7.9) (1.5 3.5) (1.5 2.2) (3.6 1.9) (3.6 3.5) (4.6 2.8) (4.6 2.4) (6.7 5.9) (7 3.6) (7 6.7) (7 2.4) (9.8 4.6) (9.8 7) (5.9 3.6) (6.8 3.6) (6.8 7.9) (6.8 2.2) (9.2 6.7) (9.2 5.8) (9.2 2.2) (5.8 2.8) (2.8 1.6) (2.8 2.2) (7.9 1.9) (7.9 9.1) (7.9 7) (7.9 9.2) (2.4 9.2) (1.6 9.1) (1.6 5.8) (3.5 9.1) (3.5 6.7) (3.5 6.8) (3.5 7.9) (4.3 7) (4.3 3.5) (2.2 7)
19 31 double 8.7 5.4 8.9 5.8 1.7 2.9 7.1 6.5 3.5 1.5 5.1 1.1 7.8 3.2 3.7 6.7 9.1 7.7 5 (8.7 1.7) (8.7 1.1) (8.7 3.2) (8.7 6.7) (8.7 7.7) (5.4 8.9) (5.4 9.1) (8.9 1.5) (8.9 1.1) (8.9 7.7) (5.8 5.4) (5.8 7.8) (5.8 6.7) (5.8 9.1) (1.7 5.8) (1.7 3.2) (1.7 9.1) (6.5 7.8) (3.5 8.7) (3.5 3.2) (3.5 7.7) (5.1 7.1) (7.8 5) (3.2 1.1) (3.2 6.7) (3.2 9.1) (6.7 3.7) (7.7 5.1) (5 3.5) (5 1.5) (5 3.7)
19 87 int 55 47 92 36 50 33 22 39 17 85 12 80 18 40 68 58 60 14 62 (55 17) (55 85) (55 18) (55 68) (47 55) (47 50) (47 33) (47 22) (47 39) (47 17) (47 12) (47 18) (47 58) (92 47) (92 33) (92 68) (92 58) (36 55) (36 33) (36 22) (36 80) (36 58) (36 60) (50 55) (50 40) (50 58) (50 14) (50 62) (33 22) (33 39) (33 17) (33 62) (22 92) (22 50) (22 17) (22 12) (22 40) (22 62) (39 12) (39 40) (39 60) (17 36) (17 39) (17 12) (17 80) (85 39) (85 40) (12 55) (12 92) (12 36) (12 50) (12 33) (12 85) (12 14) (12 62) (80 55) (80 47) (80 50) (80 68) (80 62) (18 36) (18 33) (18 39) (18 85) (40 17) (40 80) (68 33) (68 17) (68 40) (58 17) (58 12) (58 18) (58 68) (60 47) (60 17) (60 85) (60 12) (60 14) (14 22) (14 39) (14 18) (14 40) (14 62) (62 55) (62 92) (62 68) (62 60)
19 70 double 9.8 3.2 6.9 8.8 5.4 4.6 4.3 2.4 8.7 7.9 5.6 8.9 3.5 3.6 5.5 8.1 2.5 5.7 6.1 (9.8 8.7) (9.8 3.5) (9.8 5.5) (9.8 6.1) (3.2 8.7) (3.2 5.6) (3.2 8.9) (3.2 3.5) (3.2 2.5) (6.9 4.6) (6.9 3.5) (6.9 3.6) (8.8 8.7) (5.4 9.8) (5.4 8.7) (5.4 3.6) (5.4 2.5) (4.6 8.8) (4.6 5.4) (4.3 3.2) (4.3 7.9) (4.3 8.9) (4.3 5.5) (2.4 4.6) (2.4 8.9) (2.4 8.1) (8.7 6.9) (8.7 2.4) (8.7 8.9) (8.7 5.5) (7.9 6.9) (7.9 4.6) (7.9 3.5) (7.9 5.7) (5.6 8.8) (5.6 8.9) (5.6 5.5) (8.9 8.8) (8.9 4.6) (8.9 3.5) (3.5 4.3) (3.5 5.6) (3.5 8.1) (3.5 5.7) (3.6 9.8) (3.6 4.6) (3.6 8.9) (3.6 3.5) (3.6 2.5) (3.6 6.1) (5.5 4.6) (5.5 2.4) (5.5 7.9) (8.1 3.2) (8.1 8.8) (8.1 5.4) (8.1 4.3) (8.1 8.7) (8.1 5.6) (8.1 8.9) (2.5 8.8) (2.5 8.7) (2.5 8.9) (2.5 5.7) (2.5 6.1) (5.7 4.6) (5.7 2.4) (5.7 5.6) (5.7 6.1) (6.1 5.6)
20 22 char X P U J W Y B N E M S O D G H Q C L R I (U Y) (U R) (J P) (J R) (W B) (Y R) (B Y) (B O) (N E) (N G) (E X) (S E) (S L) (O P) (O D) (O L) (D E) (Q M) (Q L) (Q I) (R M) (I J)
20 119 char V B N C U J I H R F Q S A O D X P M T L (V J) (V H) (V F) (V Q) (V O) (V P) (V M) (V T) (V L) (B U) (B F) (B S) (B P) (N V) (N U) (N J) (N I) (N F) (N S) (N D) (N P) (C V) (C B) (C H) (C Q) (C O) (C D) (C P) (C M) (C L) (U J) (U R) (U M) (U T) (U L) (J C) (J R) (J F) (J A) (J O) (J X) (J P) (J T) (I O) (I X) (I P) (H B) (H N) (H J) (H I) (H Q) (H S) (H D) (H X) (H T) (H L) (R V) (R I) (R Q) (R O) (R M) (F C) (F U) (F M) (F L) (Q J) (Q A) (Q D) (S C) (S J) (S Q) (S O) (S X) (A N) (A I) (A H) (A P) (O N) (O U) (O X) (O T) (D B) (D U) (D J) (D I) (D F) (D X) (D P) (X B) (X C) (X R) (X F) (X L) (P H) (P R) (P F) (P Q) (P S) (P O) (P X) (P M) (M B) (M I) (M D) (M T) (T B) (T N) (T C) (T I) (T F) (T S) (T X) (T P) (L B) (L I) (L A) (L O) (L P) (L T)
20 111 double 8.7 3 3.2 7.8 4.9 3.6 4.6 7.5 9.7 2.6 5 2.1 8.6 2.4 3.9 6 6.3 9.9 5.7 9.5 (8.7 4.6) (8.7 5) (8.7 3.9) (8.7 6) (8.7 9.9) (3 9.7) (3.2 3) (3.2 7.8) (3.2 3.6) (3.2 9.7) (3.2 5) (3.2 8.6) (3.2 6) (3.2 6.3) (3.2 5.7) (7.8 3.6) (7.8 8.6) (7.8 3.9) (7.8 6) (7.8 5.7) (7.8 9.5) (4.9 8.7) (4.9 3) (4.9 9.7) (4.9 2.6) (4.9 6.3) (3.6 5) (3.6 2.4) (3.6 3.9) (3.6 6) (3.6 9.5) (4.6 3) (4.6 3.6) (4.6 2.4) (4.6 6) (4.6 6.3) (7.5 8.7) (7.5 3) (7.5 4.6) (7.5 2.6) (7.5 6) (9.7 8.7) (9.7 7.8) (9.7 3.6) (9.7 7.5) (9.7 5) (9.7 2.1) (9.7 8.6) (9.7 2.4) (9.7 3.9) (9.7 6.3) (9.7 5.7) (2.6 8.7) (2.6 3) (2.6 3.2) (2.6 4.6) (2.6 9.7) (2.6 5) (2.6 6.3) (2.6 5.7) (2.6 9.5) (5 7.8) (5 4.9) (5 7.5) (5 6.3) (2.1 3) (2.1 3.2) (2.1 3.6) (2.1 4.6) (2.1 7.5) (2.1 5) (2.1 3.9) (2.1 6.3) (2.1 9.9) (2.1 9.5) (8.6 8.7) (8.6 3) (8.6 9.5) (2.4 7.5) (2.4 5.7) (3.9 3) (3.9 2.6) (3.9 2.4) (6 3) (6 2.6) (6 5) (6 8.6) (6 2.4) (6 3.9) (6.3 3) (6.3 3.6) (6.3 7.5) (6.3 2.4) (6.3 6) (6.3 9.5) (9.9 3.2) (9.9 7.8) (9.9 4.9) (9.9 3.6) (9.9 8.6) (9.9 3.9) (9.9 6) (9.9 6.3) (5.7 3.6) (5.7 5) (5.7 9.9) (9.5 7.5) (9.5 9.7) (9.5 3.9) (9.5 6) (9.5 9.9)
20 38 char V L C I X U J K H Q F P A G S D B M T E (L A) (C H) (X V) (X A) (U L) (J U) (K Q) (K D) (H V) (H P) (H G) (Q I) (Q X) (Q J) (Q G) (F I) (F Q) (F E) (P V) (A Q) (G X) (G F) (G D) (S K) (S F) (D T) (B V) (B I) (M U) (M T) (T V) (T Q) (T F) (T P) (T S) (T B) (E G) (E B)
20 71 double 3.9 8.5 4.4 6.2 5 7.4 2.9 7.8 7.2 9.3 6.3 8.9 7.1 1.6 3.2 8.4 3.8 6.8 3.5 4.9 (3.9 8.5) (3.9 8.9) (3.9 8.4) (3.9 3.5) (8.5 4.4) (8.5 6.2) (8.5 5) (8.5 7.4) (8.5 1.6) (8.5 3.8) (4.4 8.9) (4.4 1.6) (4.4 3.5) (6.2 7.4) (6.2 9.3) (6.2 6.3) (6.2 7.1) (6.2 3.2) (6.2 8.4) (5 4.4) (5 3.2) (5 6.8) (7.4 4.4) (7.4 4.9) (2.9 1.6) (2.9 3.2) (7.8 4.4) (7.8 8.9) (7.8 3.8) (7.8 6.8) (7.2 3.9) (7.2 7.4) (7.2 9.3) (7.2 3.2) (7.2 6.8) (7.2 4.9) (9.3 3.9) (9.3 2.9) (9.3 7.8) (9.3 6.3) (9.3 8.9) (9.3 4.9) (6.3 8.5) (6.3 2.9) (6.3 4.9) (8.9 8.5) (8.9 6.2) (8.9 7.4) (8.9 6.3) (7.1 7.2) (7.1 3.2) (7.1 8.4) (3.2 9.3) (3.2 6.3) (3.2 8.9) (3.2 1.6) (3.2 6.8) (8.4 8.5) (8.4 4.4) (6.8 3.9) (6.8 8.5) (6.8 4.4) (6.8 3.5) (6.8 4.9) (3.5 5) (3.5 6.3) (3.5 8.9) (3.5 8.4) (4.9 8.5) (4.9 8.9) (4.9 3.2)
20 83 int 39 33 67 22 28 44 71 97 66 53 13 96 19 79 50 24 75 40 65 49 (39 44) (39 79) (33 71) (33 19) (67 53) (67 96) (67 40) (67 49) (22 33) (22 44) (22 65) (22 49) (28 67) (28 97) (28 19) (28 49) (44 28) (44 97) (44 49) (71 39) (71 28) (71 44) (71 97) (71 66) (71 53) (71 50) (71 24) (97 53) (97 96) (97 50) (97 24) (97 75) (97 65) (66 75) (66 65) (53 28) (53 13) (53 19) (53 79) (53 49) (13 39) (13 19) (13 75) (96 39) (96 28) (96 66) (96 53) (96 13) (19 22) (19 44) (19 97) (19 96) (19 40) (19 65) (79 33) (79 28) (79 44) (79 96) (79 24) (79 40) (50 39) (50 22) (50 79) (50 75) (50 40) (24 39) (24 22) (24 66) (24 13) (24 96) (24 65) (24 49) (75 28) (75 79) (75 49) (40 22) (40 66) (40 13) (65 39) (65 13) (65 50) (65 49) (49 66)
21 111 char B W G N P E D R L M V A F H Q I K U J O Y (B M) (B I) (B J) (W D) (W M) (W H) (G W) (G N) (G R) (G L) (G F) (G H) (G Q) (G K) (N L) (N A) (N F) (N K) (N U) (P B) (P E) (P L) (P Q) (P U) (E B) (E N) (E R) (E V) (E A) (E U) (E Y) (D B) (D P) (D R) (D L) (D H) (D Q) (D O) (R B) (R N) (R M) (R A) (R Q) (R K) (L W) (L E) (L R) (L K) (L U) (M P) (M A) (M F) (M H) (M U) (V A) (V J) (V O) (A W) (A G) (A L) (A K) (F B) (F E) (F R) (F A) (F I) (F K) (F U) (F O) (H B) (H P) (H R) (H A) (H F) (H I) (H J) (Q W) (Q N) (Q E) (Q L) (Q M) (Q A) (Q H) (I W) (I N) (I E) (I D) (I L) (I O) (K H) (K Q) (U D) (U V) (U A) (J N) (J P) (J E) (J D) (J A) (J F) (J Q) (O B) (O W) (O E) (O M) (O K) (O Y) (Y W) (Y F) (Y U) (Y J)
21 41 char I L X H R P D N W Y C M K Q S T O E J A G (I D) (I N) (I S) (H I) (H N) (H E) (R P) (R M) (R K) (R O) (R E) (D Q) (N E) (N J) (Y X) (Y R) (Y W) (Y T) (C I) (C D) (C Y) (C M) (C Q) (M S) (M A) (K P) (K W) (Q Y) (S L) (S H) (T L) (T S) (T J) (O S) (E C) (E K) (E J) (J O) (A J) (G R) (G N)
21 130 char N H I S D E U C J V A M X G O K B Y R T L (N I) (N D) (N E) (N C) (N J) (N V) (N M) (N O) (H I) (H D) (H U) (H C) (H M) (H X) (H Y) (H R) (I S) (I V) (I G) (I B) (S N) (S D) (S U) (S J) (S V) (S A) (S G) (S L) (D G) (D Y) (D T) (E H) (E I) (E U) (E A) (E M) (E G) (E L) (U I) (U D) (U M) (U O) (U K) (U B) (U R) (C D) (C U) (C A) (C G) (C R) (J D) (J A) (J K) (J B) (J Y) (V H) (V D) (V E) (V X) (A N) (A H) (A D) (A U) (A B) (M I) (M S) (M A) (M O) (M R) (X N) (X I) (X S) (X E) (X C) (X J) (X A) (X Y) (G H) (G U) (G V) (G A) (G M) (G X) (G O) (G B) (O S) (O C) (O A) (O K) (O B) (O Y) (O T) (K N) (K H) (K S) (K D) (K C) (K A) (K M) (K B) (B N) (B M) (B R) (B T) (Y I) (Y S) (Y E) (Y M) (Y G) (Y K) (Y B) (Y T) (Y L) (R I) (R S) (R D) (R E) (R A) (R G) (R Y) (R L) (T H) (T J) (T M) (T X) (T L) (L D) (L J) (L O) (L K)
21 39 double 8.4 2.8 5.5 5.7 7 4.8 5.9 3.9 9.3 3.7 6 6.1 5.6 7.6 2.3 1.5 9.9 1.6 9.5 7.7 6.6 (8.4 5.7) (2.8 5.5) (2.8 5.6) (5.5 6.6) (5.7 6.1) (5.7 1.5) (7 1.6) (7 6.6) (4.8 7.6) (4.8 1.5) (5.9 5.7) (3.9 7) (3.9 3.7) (9.3 1.6) (6 5.7) (6 4.8) (6 9.3) (6.1 7.6) (6.1 6.6) (5.6 9.9) (7.6 7) (7.6 1.5) (2.3 1.5) (1.5 6) (1.5 6.1) (1.5 1.6) (1.5 9.5) (9.9 3.7) (9.9 6.6) (1.6 5.7) (1.6 3.9) (9.5 2.8) (9.5 4.8) (9.5 3.9) (9.5 3.7) (9.5 5.6) (7.7 1.6) (6.6 5.7) (6.6 5.6)
21 82 int 59 39 63 16 66 25 81 90 85 88 51 93 94 53 97 61 31 42 91 60 73 (59 51) (39 66) (39 42) (39 91) (39 73) (63 81) (63 91) (16 39) (16 66) (16 25) (16 81) (16 85) (16 88) (16 51) (16 42) (66 63) (66 51) (66 94) (66 53) (66 97) (66 61) (25 88) (25 51) (25 42) (25 91) (25 73) (81 39) (81 88) (81 51) (81 61) (81 42) (90 16) (90 25) (90 88) (90 60) (85 81) (85 88) (85 51) (88 39) (88 63) (88 93) (88 60) (51 88) (51 94) (51 61) (93 63) (93 16) (93 25) (93 85) (93 94) (93 31) (94 88) (94 97) (94 60) (53 88) (53 97) (97 39) (97 25) (97 81) (97 31) (61 39) (61 85) (61 94) (61 97) (61 60) (31 51) (31 61) (31 42) (42 85) (42 51) (42 97) (91 16) (91 90) (91 93) (60 59) (60 97) (60 42) (60 91) (73 81) (73 88) (73 51) (73 42)
21 33 char O Q E K L G F R M X J V C T D P S W I Y A (Q O) (E D) (K L) (F E) (F L) (F M) (F X) (F D) (R Y) (M G) (X J) (X D) (X A) (J O) (J A) (V R) (V X) (V T) (C L) (C J) (C V) (C D) (P O) (P Q) (P G) (W Y) (W A) (I G) (I J) (I A) (Y A) (A F) (A R)
21 53 char L P U H A Q I O N T J C R M K X E B G V Y (L J) (L V) (P I) (P C) (U L) (U H) (U B) (U Y) (H O) (H V) (A E) (Q E) (I N) (O P) (O C) (O K) (N U) (N A) (T Q) (T V) (J B) (J V) (C U) (C Q) (C B) (R U) (R X) (M G) (K H) (K R) (K E) (K Y) (X A) (X I) (X G) (E C) (E R) (E X) (E V) (B H) (B O) (B T) (B R) (G I) (G J) (G E) (G V) (G Y) (V Q) (V I) (Y I) (Y M) (Y B)
22 49 char B C O P I X H T A Q D Y L K J G R S U V M F (B I) (B Q) (O C) (O I) (O Y) (O G) (O F) (P V) (P F) (I X) (I Q) (I K) (I G) (I U) (X O) (X Q) (X D) (X L) (H P) (H G) (H S) (T C) (T K) (A X) (A Y) (Q D) (Q K) (D J) (D S) (D M) (Y T) (Y K) (L B) (L K) (L S) (K B) (K X) (K R) (K U) (G P) (G Q) (R T) (R Q) (S X) (U H) (U V) (M Q) (F C) (F T)
22 26 double 9.4 4 4.1 2.1 2.4 6.6 7.2 7.7 8 7.8 2.8 5.8 2.9 9.7 3.8 7.6 6.9 6.5 4.2 8.2 3 1.2 (9.4 7.2) (9.4 7.7) (9.4 4.2) (4 2.8) (4 5.8) (4.1 6.6) (4.1 7.7) (2.1 2.8) (2.1 5.8) (2.1 2.9) (2.4 9.4) (2.4 4.1) (2.4 7.8) (7.2 8) (8 6.5) (7.8 8) (5.8 7.7) (2.9 8) (2.9 7.8) (2.9 1.2) (9.7 7.7) (9.7 2.9) (3.8 2.1) (6.9 3.8) (1.2 2.1) (1.2 4.2)
22 121 double 3.2 6.5 2.5 4.3 5.2 1.5 4.9 1.3 2.7 1.7 7.9 3.1 8.8 3.9 8.5 4 8.9 3.5 1 7.7 3.4 1.1 (3.2 4.3) (3.2 1.3) (3.2 7.7) (3.2 3.4) (6.5 3.2) (6.5 1.3) (6.5 1.7) (6.5 3.1) (6.5 7.7) (6.5 1.1) (2.5 6.5) (2.5 1.5) (2.5 3.5) (2.5 7.7) (2.5 3.4) (4.3 6.5) (4.3 1.5) (4.3 2.7) (4.3 7.9) (4.3 8.9) (4.3 7.7) (5.2 4.3) (5.2 8.8) (5.2 3.9) (5.2 8.9) (5.2 1) (5.2 7.7) (1.5 3.2) (1.5 5.2) (1.5 7.9) (1.5 4) (1.5 8.9) (1.5 3.5) (1.5 7.7) (4.9 3.2) (4.9 4.3) (4.9 8.8) (4.9 3.4) (1.3 4.3) (1.3 2.7) (1.3 3.1) (1.3 8.8) (1.3 1) (2.7 2.5) (2.7 1.5) (2.7 1.7) (2.7 8.9) (2.7 1.1) (1.7 3.2) (1.7 7.9) (1.7 3.4) (7.9 3.2) (7.9 6.5) (7.9 2.5) (7.9 5.2) (7.9 2.7) (7.9 3.1) (7.9 8.5) (7.9 4) (7.9 3.5) (7.9 7.7) (7.9 3.4) (3.1 2.5) (3.1 5.2) (3.1 1.5) (3.1 4) (3.1 8.9) (8.8 2.5) (8.8 4.3) (8.8 1.5) (8.8 2.7) (8.8 1.7) (8.8 3.1) (8.8 7.7) (8.8 1.1) (3.9 3.2) (3.9 6.5) (3.9 2.5) (3.9 3.1) (3.9 8.8) (3.9 4) (3.9 3.5) (8.5 2.5) (8.5 4.3) (8.5 2.7) (8.5 1.7) (8.5 3.5) (8.5 1) (8.5 1.1) (4 5.2) (4 4.9) (4 8.5) (4 8.9) (4 3.4) (8.9 6.5) (8.9 7.9) (8.9 8.8) (8.9 3.9) (8.9 3.5) (8.9 7.7) (3.5 4.9) (3.5 2.7) (3.5 8.8) (3.5 3.4) (1 2.5) (1 1.5) (1 4.9) (1 3.1) (1 3.4) (1 1.1) (7.7 3.5) (3.4 5.2) (3.4 1.3) (3.4 2.7) (3.4 3.1) (3.4 8.8) (3.4 3.9) (3.4 8.5) (1.1 4.3) (1.1 1.5) (1.1 4.9)
22 154 int 13 57 86 39 60 24 16 54 87 66 33 84 19 50 93 17 71 62 98 26 92 80 (13 86) (13 87) (13 84) (13 93) (13 62) (13 98) (13 26) (57 39) (57 16) (57 54) (57 50) (57 62) (86 24) (86 16) (86 33) (86 93) (86 80) (39 13) (39 86) (39 16) (39 84) (39 93) (39 26) (39 80) (60 57) (60 86) (60 24) (60 16) (60 66) (60 50) (60 17) (60 71) (60 62) (60 98) (60 80) (24 13) (24 57) (24 39) (24 16) (24 66) (24 84) (24 19) (24 93) (24 17) (24 62) (24 92) (16 13) (16 33) (16 17) (16 71) (16 26) (54 13) (54 24) (54 16) (54 66) (54 33) (54 93) (54 17) (54 26) (54 80) (87 39) (87 60) (87 16) (87 66) (87 19) (87 50) (87 93) (87 71) (87 62) (87 80) (66 86) (66 16) (66 17) (66 26) (33 13) (33 57) (33 24) (33 87) (33 66) (33 84) (33 17) (33 98) (33 92) (33 80) (84 57) (84 60) (84 71) (19 13) (19 57) (19 86) (19 39) (19 54) (19 66) (19 33) (19 71) (19 98) (19 26) (50 13) (50 33) (50 19) (50 93) (50 17) (50 98) (93 60) (93 16) (93 33) (93 19) (93 17) (17 57) (17 86) (17 39) (17 71) (17 62) (71 13) (71 57) (71 86) (71 39) (71 24) (71 54) (71 33) (71 50) (71 92) (62 39) (62 16) (62 84) (62 93) (62 71) (98 57) (98 24) (98 66) (98 17) (98 62) (98 26) (98 80) (26 86) (26 60) (26 50) (26 93) (26 92) (92 57) (92 86) (92 60) (92 54) (92 87) (92 66) (92 98) (80 66) (80 84) (80 19) (80 50) (80 93) (80 17) (80 71) (80 62)
22 158 int 86 67 94 80 98 16 63 46 91 21 43 97 12 23 42 26 35 82 59 31 89 33 (86 43) (86 59) (86 89) (86 33) (67 94) (67 46) (67 21) (67 42) (67 35) (67 31) (94 80) (94 63) (94 46) (94 21) (94 12) (94 82) (94 89) (94 33) (80 67) (80 98) (80 97) (80 23) (80 35) (80 59) (98 67) (98 94) (98 16) (98 46) (98 91) (98 21) (98 97) (98 42) (98 26) (98 59) (98 33) (16 86) (16 67) (16 94) (16 80) (16 63) (16 21) (16 59) (16 31) (16 89) (63 67) (63 46) (63 43) (63 12) (63 26) (63 82) (63 59) (46 80) (46 16) (46 42) (91 67) (91 94) (91 80) (91 16) (91 63) (91 46) (21 63) (21 91) (21 43) (21 97) (21 12) (21 23) (21 42) (21 82) (21 89) (43 98) (43 16) (43 46) (43 91) (43 12) (43 26) (43 59) (43 89) (43 33) (97 63) (97 46) (97 43) (97 12) (97 23) (97 26) (97 31) (12 67) (12 98) (12 46) (12 91) (23 67) (23 94) (23 91) (23 43) (23 12) (23 42) (23 26) (23 31) (23 89) (23 33) (42 86) (42 16) (42 63) (42 43) (42 97) (42 12) (26 67) (26 94) (26 16) (26 46) (26 91) (26 21) (26 42) (26 82) (35 94) (35 16) (35 63) (35 46) (35 91) (35 43) (35 97) (35 12) (35 23) (35 31) (82 86) (82 98) (82 46) (82 97) (82 12) (82 23) (82 42) (82 59) (82 31) (59 12) (59 23) (31 86) (31 94) (31 63) (31 46) (31 43) (31 12) (31 42) (31 26) (31 89) (89 67) (89 63) (89 26) (89 82) (89 59) (89 33) (33 80) (33 16) (33 21) (33 97) (33 42) (33 35) (33 82) (33 59) (33 31)
23 91 int 76 61 66 79 77 80 73 48 19 28 13 11 49 26 46 92 69 56 86 97 81 67 65 (76 80) (76 19) (76 97) (76 81) (61 76) (61 66) (61 49) (61 26) (61 86) (66 28) (66 97) (79 61) (79 56) (79 81) (77 76) (77 79) (77 46) (77 97) (77 81) (80 73) (80 48) (73 61) (73 49) (73 69) (73 56) (48 76) (48 28) (48 13) (48 81) (19 11) (19 67) (28 73) (28 69) (13 76) (13 66) (11 28) (11 69) (11 86) (11 65) (49 13) (49 86) (26 92) (26 65) (46 76) (46 80) (46 13) (46 92) (46 65) (92 76) (92 61) (92 66) (92 80) (92 48) (92 11) (92 81) (69 66) (69 80) (69 48) (69 13) (69 46) (69 86) (56 76) (56 66) (56 19) (56 28) (56 92) (56 97) (56 81) (86 19) (86 13) (86 46) (86 97) (97 61) (97 19) (97 26) (97 46) (81 65) (67 77) (67 13) (67 46) (67 69) (67 86) (67 65) (65 61) (65 79) (65 73) (65 48) (65 28) (65 13) (65 69) (65 86)
23 155 double 1.7 5.3 5.1 4.4 3.2 1.6 2.8 1.3 8.6 6.2 5.5 6.1 1.5 7.3 5.2 4.9 3.8 5 3 9.5 8.7 7.6 7.8 (1.7 6.2) (1.7 9.5) (1.7 8.7) (5.3 5.1) (5.3 6.1) (5.3 1.5) (5.3 7.3) (5.3 4.9) (5.3 3) (5.3 7.8) (5.1 1.7) (5.1 1.3) (5.1 8.6) (5.1 1.5) (5.1 5.2) (5.1 4.9) (5.1 5) (5.1 8.7) (4.4 5.1) (4.4 1.6) (4.4 5) (4.4 8.7) (4.4 7.6) (3.2 5.3) (3.2 5.1) (3.2 1.6) (3.2 2.8) (3.2 1.3) (3.2 6.2) (3.2 3) (3.2 9.5) (3.2 7.8) (1.6 5.3) (1.6 5.1) (1.6 1.3) (1.6 1.5) (1.6 3) (2.8 1.7) (2.8 5.1) (2.8 4.4) (2.8 6.1) (2.8 1.5) (2.8 7.3) (1.3 1.7) (1.3 6.2) (1.3 5.5) (1.3 7.3) (1.3 3.8) (1.3 9.5) (8.6 4.4) (8.6 3.2) (8.6 5.5) (8.6 7.3) (8.6 5.2) (8.6 3.8) (8.6 3) (8.6 9.5) (8.6 8.7) (6.2 5.3) (6.2 1.6) (6.2 1.5) (6.2 5.2) (6.2 4.9) (6.2 9.5) (6.2 8.7) (6.2 7.8) (5.5 1.7) (5.5 5.3) (5.5 5.1) (5.5 5.2) (5.5 3) (5.5 7.8) (6.1 1.7) (6.1 5.1) (6.1 1.6) (6.1 5.5) (6.1 5.2) (6.1 4.9) (6.1 3.8) (1.5 1.7) (1.5 3.2) (1.5 1.3) (1.5 7.3) (1.5 5.2) (1.5 3.8) (1.5 3) (1.5 8.7) (1.5 7.8) (7.3 1.7) (7.3 5.1) (7.3 3.2) (7.3 1.6) (7.3 4.9) (7.3 3.8) (7.3 7.6) (5.2 5.3) (5.2 2.8) (5.2 1.3) (5.2 7.3) (4.9 2.8) (4.9 1.3) (4.9 5.5) (4.9 5.2) (4.9 9.5) (4.9 8.7) (4.9 7.6) (4.9 7.8) (3.8 1.7) (3.8 5.3) (3.8 5.1) (3.8 4.4) (3.8 1.6) (3.8 5.2) (3.8 7.6) (5 1.7) (5 5.3) (5 1.6) (5 8.6) (5 6.2) (5 5.5) (5 7.3) (5 7.6) (3 1.7) (3 2.8) (3 1.3) (3 7.3) (3 5.2) (3 4.9) (3 3.8) (3 9.5) (3 8.7) (3 7.8) (9.5 5.3) (9.5 5.1) (9.5 1.6) (9.5 2.8) (9.5 7.3) (8.7 5.3) (8.7 2.8) (8.7 7.3) (8.7 5.2) (8.7 5) (8.7 9.5) (7.6 1.7) (7.6 5.3) (7.6 5.1) (7.6 2.8) (7.6 8.6) (7.6 6.2) (7.6 5.2) (7.6 8.7) (7.8 5.1) (7.8 6.1) (7.8 5.2) (7.8 9.5)
23 172 double 9.8 5.1 2.2 8.1 6.8 9.9 7.6 9.2 5 8 4.6 9.6 1.8 3 8.9 3.4 4 9.3 7 9.1 2.9 4.3 2.3 (9.8 5.1) (9.8 6.8) (9.8 7.6) (9.8 9.6) (9.8 1.8) (9.8 8.9) (9.8 7) (9.8 2.9) (9.8 4.3) (5.1 8.1) (5.1 9.9) (5.1 8.9) (5.1 7) (5.1 2.9) (5.1 4.3) (2.2 9.8) (2.2 5.1) (2.2 6.8) (2.2 9.9) (2.2 5) (2.2 8) (2.2 1.8) (2.2 3.4) (2.2 9.1) (2.2 4.3) (2.2 2.3) (8.1 9.8) (8.1 2.2) (8.1 8) (8.1 1.8) (8.1 9.3) (8.1 7) (8.1 2.9) (6.8 8.1) (6.8 9.2) (6.8 4.6) (6.8 1.8) (6.8 4) (6.8 9.1) (6.8 2.3) (9.9 8.1) (9.9 9.2) (9.9 5) (9.9 1.8) (9.9 2.9) (9.9 4.3) (7.6 5.1) (7.6 2.2) (7.6 8.1) (7.6 6.8) (7.6 5) (7.6 3) (7.6 8.9) (7.6 3.4) (7.6 4) (7.6 9.3) (9.2 7.6) (9.2 8.9) (9.2 7) (9.2 9.1) (9.2 2.3) (5 5.1) (5 9.6) (5 3) (5 3.4) (5 9.3) (5 7) (5 2.9) (5 4.3) (8 9.8) (8 6.8) (8 9.9) (8 9.2) (8 5) (8 1.8) (8 9.1) (8 2.3) (4.6 8.1) (4.6 9.2) (4.6 5) (4.6 8) (4.6 3.4) (4.6 7) (4.6 4.3) (4.6 2.3) (9.6 8.1) (9.6 6.8) (9.6 9.9) (9.6 8) (9.6 3) (9.6 8.9) (9.6 3.4) (9.6 9.3) (9.6 7) (9.6 9.1) (9.6 4.3) (1.8 5.1) (1.8 5) (1.8 4.6) (1.8 3) (1.8 8.9) (1.8 9.3) (3 9.8) (3 2.2) (3 8.1) (3 6.8) (3 9.2) (3 8) (3 9.3) (8.9 8.1) (8.9 9.9) (8.9 4.6) (8.9 7) (8.9 2.9) (8.9 4.3) (3.4 9.8) (3.4 6.8) (3.4 9.9) (3.4 9.2) (3.4 1.8) (3.4 3) (3.4 8.9) (3.4 7) (4 5.1) (4 8) (4 4.6) (4 9.6) (4 3.4) (4 2.9) (9.3 9.9) (9.3 8) (9.3 4.6) (9.3 9.1) (9.3 2.9) (9.3 4.3) (7 9.9) (7 7.6) (7 8) (7 3) (9.1 8.1) (9.1 9.9) (9.1 7.6) (9.1 8.9) (9.1 3.4) (9.1 4.3) (9.1 2.3) (2.9 6.8) (2.9 9.2) (2.9 4.6) (2.9 1.8) (2.9 3) (2.9 3.4) (2.9 7) (2.9 9.1) (2.9 2.3) (4.3 8.1) (4.3 6.8) (4.3 7.6) (4.3 9.2) (4.3 1.8) (4.3 3) (4.3 3.4) (4.3 7) (4.3 2.9) (2.3 9.8) (2.3 5.1) (2.3 9.9) (2.3 9.6) (2.3 1.8) (2.3 8.9) (2.3 9.3) (2.3 7)
23 169 double 7.4 8.5 2 8.3 7.5 9.9 8.7 3.9 1.3 9.1 6.7 3.6 4.2 6.9 5.1 7.2 7.6 2.1 8 2.2 9.7 3 1.8 (7.4 2) (7.4 7.5) (7.4 3.9) (7.4 6.9) (7.4 7.2) (7.4 7.6) (7.4 2.1) (7.4 9.7) (7.4 3) (7.4 1.8) (8.5 2) (8.5 3.9) (8.5 3.6) (8.5 6.9) (8.5 5.1) (8.5 7.6) (8.5 2.1) (8.5 2.2) (2 8.3) (2 7.5) (2 9.9) (2 3.9) (2 3.6) (2 5.1) (2 7.2) (2 7.6) (2 8) (2 9.7) (8.3 7.5) (8.3 3.9) (8.3 3.6) (8.3 2.1) (8.3 1.8) (7.5 8.5) (7.5 9.9) (7.5 8.7) (7.5 3.9) (7.5 1.3) (7.5 9.1) (7.5 4.2) (7.5 2.2) (7.5 9.7) (7.5 1.8) (9.9 7.4) (9.9 8.5) (9.9 3.9) (9.9 3) (8.7 2) (8.7 1.3) (8.7 3.6) (8.7 4.2) (8.7 7.2) (8.7 2.1) (3.9 1.3) (3.9 2.1) (3.9 8) (3.9 2.2) (3.9 9.7) (3.9 3) (1.3 9.9) (1.3 9.1) (1.3 9.7) (1.3 1.8) (9.1 8.3) (9.1 8.7) (9.1 6.9) (9.1 5.1) (9.1 2.1) (6.7 7.4) (6.7 8.3) (6.7 7.5) (6.7 9.9) (6.7 8.7) (6.7 3.9) (6.7 5.1) (6.7 3) (3.6 7.5) (3.6 9.9) (3.6 1.3) (3.6 9.1) (3.6 6.7) (3.6 6.9) (3.6 8) (3.6 2.2) (3.6 9.7) (4.2 2) (4.2 1.3) (4.2 6.7) (4.2 3.6) (4.2 8) (6.9 2) (6.9 8.3) (6.9 7.5) (6.9 9.9) (6.9 3.9) (6.9 1.3) (6.9 6.7) (6.9 2.1) (5.1 8.3) (5.1 7.5) (5.1 8.7) (5.1 3.9) (5.1 1.3) (5.1 3.6) (5.1 8) (5.1 3) (5.1 1.8) (7.2 8.5) (7.2 1.3) (7.2 6.7) (7.2 4.2) (7.2 6.9) (7.2 5.1) (7.2 2.2) (7.6 8.3) (7.6 7.5) (7.6 9.9) (7.6 3.9) (7.6 1.3) (7.6 9.1) (7.6 6.7) (7.6 3.6) (7.6 4.2) (7.6 6.9) (7.6 5.1) (7.6 7.2) (7.6 8) (7.6 2.2) (2.1 2) (2.1 7.5) (2.1 9.9) (2.1 1.3) (2.1 3.6) (2.1 4.2) (2.1 8) (2.1 2.2) (2.1 9.7) (2.1 3) (8 8.3) (8 7.5) (8 8.7) (8 6.9) (8 7.2) (8 9.7) (2.2 7.4) (2.2 8.3) (2.2 8.7) (2.2 1.3) (2.2 9.1) (2.2 4.2) (2.2 9.7) (9.7 9.1) (9.7 4.2) (9.7 7.2) (9.7 7.6) (9.7 3) (3 8.5) (3 2) (3 1.3) (3 3.6) (3 2.2) (1.8 8.5) (1.8 2) (1.8 9.1) (1.8 6.7) (1.8 6.9) (1.8 7.2) (1.8 2.2) (1.8 3)
23 96 double 8.9 6.6 6.5 5.3 1.9 9.4 6 9.2 1.8 6.7 7.7 3.8 5.1 9.9 3.5 2.3 9.1 6.3 4.5 8 6.2 1.1 1.6 (8.9 6.5) (8.9 6) (8.9 1.8) (8.9 6.3) (8.9 4.5) (8.9 1.6) (6.6 5.3) (6.6 5.1) (6.6 2.3) (6.6 6.2) (6.6 1.6) (6.5 6.6) (6.5 9.2) (6.5 3.5) (6.5 6.3) (6.5 4.5) (6.5 8) (5.3 6.5) (5.3 6.7) (5.3 7.7) (5.3 3.5) (1.9 6.6) (1.9 1.8) (1.9 6.7) (1.9 9.9) (1.9 1.6) (9.4 1.9) (9.4 6.7) (9.4 3.8) (9.4 9.9) (9.4 3.5) (9.4 6.2) (9.4 1.1) (6 5.3) (6 6.3) (6 1.1) (9.2 1.9) (9.2 6.3) (1.8 9.4) (1.8 9.2) (1.8 3.5) (6.7 8.9) (6.7 5.1) (7.7 8.9) (7.7 6.5) (7.7 1.8) (7.7 6.7) (7.7 4.5) (7.7 1.6) (3.8 6.6) (3.8 5.3) (3.8 9.9) (3.8 2.3) (3.8 8) (5.1 6.5) (5.1 5.3) (5.1 1.9) (5.1 7.7) (9.9 8.9) (9.9 6.5) (9.9 7.7) (9.9 2.3) (9.9 1.1) (9.9 1.6) (3.5 9.2) (3.5 9.1) (3.5 8) (3.5 1.1) (2.3 9.2) (2.3 6.2) (2.3 1.6) (9.1 9.2) (9.1 7.7) (9.1 3.8) (9.1 6.3) (9.1 1.6) (6.3 9.4) (6.3 7.7) (6.3 9.9) (6.3 6.2) (6.3 1.1) (4.5 3.8) (4.5 2.3) (8 1.9) (8 5.1) (6.2 3.5) (6.2 4.5) (6.2 1.1) (1.1 6.6) (1.1 6.7) (1.1 7.7) (1.1 8) (1.1 1.6) (1.6 6.5) (1.6 9.4) (1.6 3.8)
24 92 int 73 44 28 88 45 19 66 99 15 89 78 20 11 86 27 90 84 40 32 16 59 58 22 54 (73 16) (73 54) (44 73) (44 45) (44 90) (44 58) (28 73) (28 19) (28 78) (28 40) (28 32) (28 58) (88 19) (88 32) (88 59) (45 89) (45 20) (45 27) (45 32) (45 16) (45 54) (19 73) (19 66) (19 20) (66 90) (99 28) (99 88) (99 89) (99 20) (99 11) (99 27) (15 86) (15 58) (89 44) (89 66) (89 78) (89 58) (78 73) (78 66) (78 15) (78 32) (78 16) (78 58) (20 28) (20 84) (20 32) (11 45) (11 16) (11 58) (86 28) (86 19) (86 90) (27 44) (27 90) (27 40) (27 59) (27 54) (90 99) (90 15) (90 40) (84 89) (84 11) (84 27) (40 19) (40 78) (40 20) (32 73) (32 44) (32 99) (32 11) (32 86) (32 90) (16 28) (16 88) (16 19) (16 89) (16 84) (16 32) (16 59) (16 54) (59 78) (59 86) (59 84) (58 19) (58 27) (58 84) (22 44) (22 32) (22 59) (54 78) (54 11) (54 84)
24 34 double 4.4 2.7 7.6 4.1 9.5 5.8 1 4.3 9.6 4.2 3.2 5.1 1.8 3.8 8.4 9.9 1.2 6.6 2.8 9.2 7.2 7.4 8 6.4 (2.7 1.2) (7.6 4.4) (7.6 9.5) (7.6 8) (7.6 6.4) (4.1 1) (4.1 9.2) (4.1 7.2) (4.1 8) (9.5 1) (9.5 5.1) (9.5 8) (5.8 1.2) (1 8.4) (1 1.2) (1 2.8) (4.3 5.8) (3.2 4.3) (3.2 4.2) (5.1 9.2) (5.1 6.4) (1.8 4.2) (1.8 9.2) (3.8 9.5) (3.8 3.2) (8.4 4.4) (9.9 2.8) (1.2 4.4) (6.6 9.5) (6.6 5.1) (9.2 3.2) (9.2 6.4) (7.4 4.1) (6.4 9.9)
24 149 int 48 85 30 21 59 18 35 38 52 77 97 96 65 39 69 33 25 41 23 87 27 11 90 63 (48 38) (48 52) (48 39) (48 87) (48 11) (85 48) (85 30) (85 59) (85 52) (85 65) (85 41) (85 90) (30 48) (30 65) (30 39) (30 69) (30 87) (21 30) (21 59) (21 18) (21 38) (21 63) (59 48) (59 30) (59 18) (59 96) (59 39) (59 69) (59 25) (18 85) (18 35) (18 77) (18 97) (18 39) (18 33) (18 41) (18 63) (35 48) (35 30) (35 23) (35 90) (38 59) (38 18) (38 35) (38 77) (38 97) (38 96) (38 39) (38 41) (38 63) (52 30) (52 18) (52 38) (52 39) (52 69) (52 63) (77 48) (77 52) (77 97) (77 23) (97 52) (97 33) (97 25) (96 85) (96 35) (96 97) (96 39) (96 69) (96 27) (96 63) (65 59) (65 18) (65 35) (65 96) (65 69) (65 23) (39 35) (39 77) (39 33) (39 25) (39 23) (39 87) (69 48) (69 21) (69 18) (69 35) (69 38) (69 77) (69 23) (69 27) (69 63) (33 48) (33 35) (33 52) (33 69) (33 87) (25 48) (25 21) (25 18) (25 96) (25 11) (41 30) (41 59) (41 97) (41 39) (41 69) (41 23) (41 87) (41 90) (23 48) (23 85) (23 59) (23 18) (23 97) (87 85) (87 21) (87 18) (87 38) (87 96) (27 48) (27 85) (27 21) (27 59) (27 35) (27 97) (27 39) (27 23) (27 11) (27 63) (11 30) (11 35) (11 38) (11 77) (11 65) (11 69) (90 48) (90 30) (90 21) (90 52) (90 77) (90 97) (90 33) (90 25) (90 23) (90 87) (63 48) (63 35) (63 23) (63 11)
24 97 int 29 50 36 34 54 24 80 21 30 77 72 52 57 28 11 75 49 76 85 71 45 93 66 92 (29 24) (29 71) (50 77) (50 75) (50 45) (36 50) (36 24) (36 80) (36 11) (36 76) (36 66) (36 92) (34 36) (34 54) (34 30) (34 75) (34 93) (54 50) (54 36) (54 24) (54 66) (54 92) (24 57) (24 11) (24 93) (24 66) (80 50) (80 21) (80 77) (80 57) (80 75) (21 54) (21 11) (21 76) (30 29) (30 54) (30 80) (30 21) (30 66) (77 30) (77 72) (77 75) (77 49) (72 57) (72 28) (72 75) (72 76) (72 93) (52 50) (52 80) (52 21) (52 49) (57 77) (57 52) (28 34) (28 45) (28 93) (28 66) (11 29) (11 34) (11 52) (11 93) (11 92) (75 29) (75 36) (49 54) (49 21) (49 30) (49 57) (49 28) (49 75) (49 45) (49 92) (76 54) (76 24) (76 77) (76 75) (85 30) (71 80) (71 30) (71 77) (71 75) (45 24) (45 92) (93 77) (93 57) (93 71) (93 92) (66 52) (66 57) (66 11) (66 85) (66 93) (92 52) (92 57) (92 28) (92 76)
24 129 int 40 33 21 67 60 13 86 14 15 43 73 87 19 95 23 89 85 44 22 62 83 65 71 52 (40 13) (40 15) (40 73) (40 65) (33 60) (33 71) (21 67) (21 65) (21 71) (21 52) (67 33) (67 60) (67 85) (67 62) (67 83) (60 14) (60 85) (13 33) (13 21) (13 14) (13 73) (13 19) (13 62) (13 83) (86 33) (86 21) (86 67) (86 43) (86 73) (86 87) (86 23) (86 85) (14 67) (14 22) (14 71) (15 43) (15 87) (15 95) (15 62) (15 65) (15 71) (43 33) (43 67) (43 95) (43 23) (43 52) (73 33) (73 14) (73 15) (73 95) (73 85) (73 44) (73 83) (87 33) (87 67) (87 60) (87 95) (87 85) (87 44) (87 62) (87 65) (87 71) (19 33) (19 60) (19 95) (19 44) (19 83) (19 52) (95 33) (95 86) (95 22) (95 71) (23 73) (23 19) (23 85) (23 22) (23 65) (89 67) (89 13) (89 14) (89 43) (89 19) (89 95) (89 85) (89 44) (89 62) (85 33) (85 13) (85 14) (85 43) (85 95) (85 44) (85 62) (85 52) (44 33) (44 13) (22 67) (22 60) (22 13) (22 43) (22 89) (22 85) (22 44) (22 65) (62 14) (62 19) (62 83) (62 65) (83 21) (83 86) (83 15) (83 85) (83 22) (83 65) (65 33) (65 86) (65 43) (65 73) (65 95) (71 44) (71 22) (71 83) (71 65) (71 52) (52 86) (52 14) (52 44) (52 22) (52 65)
24 34 int 18 75 91 62 10 68 46 96 71 97 11 98 51 43 74 19 99 52 35 61 73 94 86 42 (75 71) (75 98) (91 10) (91 73) (62 61) (68 94) (46 10) (46 73) (71 62) (71 35) (98 71) (51 68) (51 52) (43 18) (43 51) (43 52) (43 35) (74 51) (74 73) (19 71) (19 97) (19 98) (19 35) (19 73) (19 94) (35 68) (61 75) (73 35) (86 10) (42 18) (42 75) (42 46) (42 52) (42 86)
24 126 int 92 61 16 38 99 48 77 64 90 53 94 39 52 14 75 23 66 65 42 47 17 33 41 46 (92 52) (92 66) (92 17) (92 33) (61 77) (61 64) (61 94) (61 39) (61 14) (61 17) (16 61) (16 38) (16 64) (16 39) (16 14) (16 75) (16 65) (16 33) (16 46) (38 64) (38 39) (38 14) (38 75) (38 47) (38 17) (99 16) (99 77) (99 94) (99 23) (99 42) (99 46) (48 99) (48 75) (48 23) (48 42) (77 92) (77 53) (64 77) (64 39) (64 14) (64 75) (64 65) (64 17) (90 53) (90 14) (90 75) (90 42) (53 48) (53 64) (53 94) (53 39) (53 66) (53 42) (53 17) (94 64) (94 90) (94 14) (94 23) (94 46) (39 92) (39 77) (52 94) (52 33) (52 46) (14 92) (14 52) (14 66) (14 42) (14 33) (14 41) (75 92) (75 61) (75 77) (75 39) (75 66) (75 46) (23 90) (23 53) (23 39) (23 14) (23 46) (66 48) (66 23) (66 42) (66 47) (66 41) (65 99) (65 48) (65 77) (65 39) (65 75) (65 23) (65 66) (65 17) (65 46) (42 16) (42 38) (42 64) (42 75) (42 65) (42 33) (42 46) (47 92) (47 75) (47 42) (47 41) (17 16) (17 90) (17 23) (17 66) (17 42) (33 38) (33 64) (33 53) (33 94) (33 23) (33 66) (41 92) (41 94) (41 42) (41 17) (41 46) (46 92) (46 90) (46 39) (46 66)
24 159 int 46 87 42 85 13 41 82 75 74 15 48 12 86 65 45 99 62 19 60 55 64 27 84 89 (46 87) (46 13) (46 75) (46 74) (46 48) (46 12) (46 86) (46 19) (87 42) (87 85) (87 15) (87 48) (87 86) (87 62) (87 19) (87 60) (87 84) (42 41) (42 75) (42 74) (42 19) (42 27) (85 82) (85 75) (85 74) (85 60) (85 84) (13 87) (13 42) (13 75) (13 86) (13 65) (13 99) (41 85) (41 13) (41 75) (41 86) (41 45) (41 19) (41 60) (41 55) (41 27) (41 84) (82 46) (82 75) (82 48) (82 60) (82 55) (82 64) (82 27) (82 84) (75 74) (75 65) (75 45) (75 99) (74 41) (74 82) (74 48) (74 62) (74 27) (15 46) (15 41) (15 65) (15 45) (15 99) (15 55) (15 64) (48 13) (48 75) (48 12) (48 45) (48 60) (48 64) (48 89) (12 87) (12 42) (12 13) (12 41) (12 82) (12 75) (12 86) (12 62) (12 89) (86 42) (86 74) (86 15) (86 48) (86 60) (86 64) (86 27) (65 46) (65 87) (65 41) (65 48) (65 86) (65 99) (65 62) (65 60) (65 27) (65 89) (45 46) (45 42) (45 85) (45 86) (99 42) (99 85) (99 82) (99 74) (99 45) (99 19) (62 46) (62 13) (62 48) (62 45) (62 64) (19 13) (19 75) (19 74) (19 15) (19 12) (19 86) (19 55) (19 64) (19 84) (60 13) (60 15) (60 12) (60 62) (60 27) (55 87) (55 85) (55 13) (55 75) (55 48) (55 62) (55 64) (55 84) (55 89) (64 46) (64 87) (64 42) (64 74) (64 65) (64 99) (64 84) (64 89) (27 87) (27 13) (27 75) (27 15) (27 64) (27 84) (84 60) (84 89) (89 87) (89 42) (89 85) (89 74) (89 62)
24 113 int 12 46 80 18 60 75 49 68 96 64 72 54 53 36 97 94 19 67 17 65 42 55 10 51 (12 18) (12 36) (12 67) (12 10) (12 51) (46 60) (46 75) (46 19) (80 12) (80 60) (80 75) (80 68) (80 97) (80 42) (80 55) (18 80) (18 75) (18 72) (18 67) (18 10) (18 51) (60 18) (60 72) (60 67) (60 65) (60 10) (60 51) (49 80) (49 18) (49 60) (49 72) (49 36) (49 67) (68 49) (68 64) (68 36) (68 10) (96 80) (96 64) (96 72) (96 67) (96 42) (64 12) (64 46) (64 60) (64 75) (64 53) (64 36) (64 42) (64 10) (64 51) (72 75) (72 54) (72 65) (72 51) (54 46) (54 80) (54 96) (54 53) (54 36) (54 97) (53 49) (53 55) (36 80) (36 60) (36 96) (36 67) (36 51) (97 53) (97 17) (94 12) (94 18) (94 49) (94 54) (94 67) (19 75) (19 68) (19 72) (19 53) (19 36) (67 80) (67 54) (67 65) (17 80) (17 18) (17 65) (17 55) (17 10) (65 46) (65 80) (65 75) (65 96) (65 64) (65 36) (65 97) (65 42) (65 10) (42 18) (42 72) (42 19) (42 17) (42 10) (55 96) (55 72) (55 19) (10 46) (10 49) (10 72) (10 53) (10 94) (51 75) (51 68) (51 17)
